Date,High,Low,Open,Close,Volume,Adj Close
2016-01-04,146.8699951171875,144.08999633789062,144.7100067138672,146.5500030517578,1461700.0,146.3697509765625
2016-01-05,148.13999938964844,143.72000122070312,146.49000549316406,144.13999938964844,1514800.0,143.9627227783203
2016-01-06,144.8699951171875,142.75,143.4600067138672,143.02999877929688,1180200.0,142.8540496826172
2016-01-07,142.9600067138672,140.22999572753906,141.0,141.3699951171875,1779600.0,141.19610595703125
2016-01-08,142.1300048828125,138.5800018310547,142.0,138.74000549316406,1465400.0,138.56936645507812
2016-01-11,139.36000061035156,134.72999572753906,138.92999267578125,134.72999572753906,2100200.0,134.5642852783203
2016-01-12,139.47000122070312,135.02000427246094,135.41000366210938,139.0800018310547,1811400.0,138.90892028808594
2016-01-13,140.1300048828125,134.91000366210938,139.22999572753906,135.25999450683594,1671200.0,135.0936279296875
2016-01-14,139.1699981689453,134.9600067138672,134.9600067138672,138.72000122070312,1975300.0,138.5493621826172
2016-01-15,137.22000122070312,134.6199951171875,136.75,136.22999572753906,1718100.0,136.06243896484375
2016-01-19,141.42999267578125,136.25999450683594,136.27999877929688,139.9199981689453,1843800.0,139.74789428710938
2016-01-20,140.22000122070312,135.1300048828125,138.66000366210938,139.22999572753906,1908600.0,139.05873107910156
2016-01-21,142.6300048828125,139.1199951171875,139.3800048828125,140.1300048828125,1846300.0,139.9576416015625
2016-01-22,141.19000244140625,136.44000244140625,137.89999389648438,137.89999389648438,2345600.0,137.73036193847656
2016-01-25,138.86000061035156,135.6699981689453,138.25999450683594,135.85000610351562,1664500.0,135.68292236328125
2016-01-26,137.4499969482422,134.3300018310547,137.10000610351562,135.4199981689453,1150800.0,135.25341796875
2016-01-27,135.41000366210938,129.8800048828125,135.41000366210938,131.44000244140625,2696100.0,131.2783203125
2016-01-28,133.1999969482422,129.11000061035156,132.08999633789062,129.8300018310547,1156600.0,129.67030334472656
2016-01-29,133.60000610351562,130.0800018310547,130.22000122070312,133.60000610351562,1664900.0,133.4356689453125
2016-02-01,135.2100067138672,132.55999755859375,133.33999633789062,133.22999572753906,1728600.0,133.06613159179688
2016-02-02,133.1999969482422,130.99000549316406,133.1999969482422,131.89999389648438,1128000.0,131.73776245117188
2016-02-03,133.0500030517578,130.6999969482422,132.0399932861328,132.5,2080900.0,132.33700561523438
2016-02-04,134.97000122070312,130.60000610351562,130.60000610351562,134.77000427246094,2151600.0,134.60421752929688
2016-02-05,135.11000061035156,131.6999969482422,133.66000366210938,133.0500030517578,1567200.0,132.8863525390625
2016-02-08,132.30999755859375,124.12000274658203,132.1199951171875,124.95999908447266,2763600.0,124.80628967285156
2016-02-09,129.11000061035156,123.54000091552734,124.48999786376953,128.17999267578125,1159100.0,128.02232360839844
2016-02-10,131.07000732421875,128.0,128.6300048828125,129.5,822000.0,129.34071350097656
2016-02-11,130.27999877929688,127.87999725341797,127.95999908447266,128.0,1155200.0,127.84255981445312
2016-02-12,130.5,127.44000244140625,128.72999572753906,130.3000030517578,685600.0,130.1397247314453
2016-02-16,134.36000061035156,130.64999389648438,131.77999877929688,134.17999267578125,851400.0,134.0149383544922
2016-02-17,136.27000427246094,133.00999450683594,134.66000366210938,135.85000610351562,966300.0,135.68292236328125
2016-02-18,137.17999267578125,135.0,135.60000610351562,135.64999389648438,1010800.0,135.48313903808594
2016-02-19,137.0,133.61000061035156,137.0,133.94000244140625,1094200.0,133.77525329589844
2016-02-22,138.11000061035156,135.3000030517578,135.33999633789062,136.36000061035156,1254900.0,136.19227600097656
2016-02-23,138.00999450683594,135.69000244140625,135.69000244140625,137.83999633789062,955600.0,137.6704559326172
2016-02-24,137.77999877929688,135.4600067138672,137.49000549316406,137.24000549316406,637400.0,137.0712127685547
2016-02-25,140.47999572753906,137.10000610351562,137.67999267578125,140.32000732421875,909000.0,140.14739990234375
2016-02-26,143.22999572753906,140.00999450683594,140.17999267578125,141.25,1132800.0,141.0762481689453
2016-02-29,142.6699981689453,139.5800018310547,140.4499969482422,139.61000061035156,1238300.0,139.4382781982422
2016-03-01,140.97000122070312,137.47000122070312,140.63999938964844,138.52999877929688,1574400.0,138.35960388183594
2016-03-02,140.85000610351562,137.57000732421875,138.0500030517578,140.5,954200.0,140.32716369628906
2016-03-03,141.25999450683594,138.6999969482422,139.8800048828125,140.42999267578125,880100.0,140.25726318359375
2016-03-04,140.5,137.75,139.60000610351562,138.94000244140625,1251100.0,138.7690887451172
2016-03-07,141.02999877929688,137.99000549316406,138.0,140.47000122070312,974500.0,140.29721069335938
2016-03-08,141.00999450683594,139.0500030517578,139.55999755859375,139.9199981689453,934900.0,139.74789428710938
2016-03-09,142.0,138.91000366210938,140.8800048828125,140.08999633789062,1339100.0,139.95767211914062
2016-03-10,142.85000610351562,139.5399932861328,140.0,142.1300048828125,1225900.0,141.99575805664062
2016-03-11,144.8000030517578,142.1699981689453,142.4499969482422,144.6199951171875,1019700.0,144.48341369628906
2016-03-14,145.75,143.6300048828125,143.6300048828125,145.27000427246094,1009500.0,145.13279724121094
2016-03-15,145.1199951171875,143.35000610351562,144.17999267578125,143.38999938964844,1388400.0,143.2545623779297
2016-03-16,144.2100067138672,139.92999267578125,143.00999450683594,141.9499969482422,697700.0,141.81591796875
2016-03-17,141.94000244140625,136.6699981689453,141.89999389648438,137.8000030517578,1285400.0,137.66986083984375
2016-03-18,141.22000122070312,137.55999755859375,138.02000427246094,139.52999877929688,1174100.0,139.39822387695312
2016-03-21,139.9499969482422,137.5399932861328,139.0399932861328,138.14999389648438,540000.0,138.01951599121094
2016-03-22,139.77999877929688,136.91000366210938,137.77999877929688,138.9499969482422,623400.0,138.8187713623047
2016-03-23,139.94000244140625,137.47999572753906,139.25,137.8699951171875,613600.0,137.7397918701172
2016-03-24,138.2899932861328,136.97000122070312,137.08999633789062,137.9499969482422,462600.0,137.8197021484375
2016-03-28,138.67999267578125,137.17999267578125,138.25999450683594,137.61000061035156,497200.0,137.48004150390625
2016-03-29,138.72000122070312,137.07000732421875,137.33999633789062,138.07000732421875,1185200.0,137.93959045410156
2016-03-30,140.22000122070312,137.35000610351562,138.52999877929688,137.4600067138672,1187000.0,137.33018493652344
2016-03-31,138.4199981689453,136.17999267578125,137.60000610351562,137.24000549316406,1276500.0,137.1103973388672
2016-04-01,137.6300048828125,135.13999938964844,136.72000122070312,137.16000366210938,1802600.0,137.0304718017578
2016-04-04,141.66000366210938,136.3699951171875,137.0,141.22999572753906,2703700.0,141.09661865234375
2016-04-05,141.2100067138672,135.47000122070312,140.97000122070312,135.49000549316406,2720900.0,135.36204528808594
2016-04-06,136.1699981689453,132.4600067138672,135.1699981689453,135.1999969482422,2504900.0,135.0723114013672
2016-04-07,135.4600067138672,131.00999450683594,133.13999938964844,131.86000061035156,1971500.0,131.7354736328125
2016-04-08,133.25,129.4499969482422,132.60000610351562,130.41000366210938,2366900.0,130.28683471679688
2016-04-11,132.6999969482422,130.32000732421875,130.3800048828125,132.0500030517578,1863000.0,131.92529296875
2016-04-12,136.30999755859375,131.9600067138672,131.97000122070312,135.77999877929688,1499900.0,135.65176391601562
2016-04-13,139.8800048828125,135.57000732421875,136.24000549316406,137.0,1539700.0,136.87060546875
2016-04-14,137.2899932861328,134.9499969482422,137.08999633789062,135.0,964600.0,134.8724822998047
2016-04-15,137.64999389648438,134.83999633789062,135.6699981689453,136.64999389648438,1592300.0,136.52093505859375
2016-04-18,137.5800018310547,135.92999267578125,135.97999572753906,137.1199951171875,950900.0,136.99050903320312
2016-04-19,139.9499969482422,137.5,138.19000244140625,139.8699951171875,1432900.0,139.73789978027344
2016-04-20,142.91000366210938,139.0500030517578,139.80999755859375,141.27000427246094,1179500.0,141.13658142089844
2016-04-21,142.82000732421875,139.72999572753906,141.35000610351562,140.33999633789062,747300.0,140.2074432373047
2016-04-22,142.11000061035156,140.02999877929688,140.5800018310547,141.82000732421875,572600.0,141.68606567382812
2016-04-25,141.77000427246094,140.24000549316406,141.5,140.25,788300.0,140.11753845214844
2016-04-26,141.14999389648438,139.3000030517578,140.1199951171875,140.67999267578125,1417700.0,140.547119140625
2016-04-27,141.0,137.69000244140625,140.57000732421875,139.27000427246094,974900.0,139.1384735107422
2016-04-28,141.0,138.0399932861328,138.3300018310547,139.94000244140625,566000.0,139.80783081054688
2016-04-29,139.16000366210938,137.27999877929688,138.94000244140625,138.5399932861328,674900.0,138.40914916992188
2016-05-02,139.7899932861328,137.52999877929688,139.24000549316406,138.27999877929688,653600.0,138.1494140625
2016-05-03,139.0800018310547,136.69000244140625,137.9199981689453,137.74000549316406,708100.0,137.60992431640625
2016-05-04,137.74000549316406,134.7100067138672,136.94000244140625,135.3000030517578,1038500.0,135.17221069335938
2016-05-05,136.33999633789062,134.47999572753906,135.0,134.92999267578125,815000.0,134.80255126953125
2016-05-06,137.0,129.0500030517578,137.0,130.85000610351562,2575300.0,130.72642517089844
2016-05-09,132.83999633789062,130.25999450683594,130.6999969482422,131.3800048828125,1265400.0,131.25592041015625
2016-05-10,133.55999755859375,131.3000030517578,131.58999633789062,133.0500030517578,751500.0,132.9243621826172
2016-05-11,133.75,130.08999633789062,133.08999633789062,130.50999450683594,1468400.0,130.38673400878906
2016-05-12,130.52999877929688,127.2699966430664,130.52999877929688,128.05999755859375,1795900.0,127.93905639648438
2016-05-13,129.27000427246094,126.06999969482422,128.3699951171875,128.36000061035156,1609100.0,128.23876953125
2016-05-16,130.9199981689453,127.86000061035156,128.30999755859375,130.00999450683594,913300.0,129.88719177246094
2016-05-17,130.5500030517578,128.02999877929688,129.67999267578125,130.44000244140625,1626400.0,130.31680297851562
2016-05-18,130.66000366210938,128.1999969482422,130.32000732421875,129.47999572753906,763300.0,129.3577117919922
2016-05-19,130.07000732421875,127.19999694824219,128.60000610351562,129.05999755859375,683900.0,128.9381103515625
2016-05-20,131.30999755859375,129.5,129.72000122070312,131.27999877929688,1976600.0,131.15599060058594
2016-05-23,128.5,125.01000213623047,128.47000122070312,126.1500015258789,4228400.0,126.03085327148438
2016-05-24,128.0,124.5199966430664,126.88999938964844,124.80999755859375,4518600.0,124.6921157836914
2016-05-25,129.8699951171875,125.1500015258789,126.12999725341797,129.3000030517578,3455000.0,129.1779022216797
2016-05-26,130.55999755859375,128.55999755859375,129.64999389648438,128.8699951171875,933100.0,128.748291015625
2016-05-27,130.02999877929688,128.5399932861328,128.91000366210938,128.82000732421875,980100.0,128.69833374023438
2016-05-31,129.22999572753906,127.45999908447266,129.0,128.11000061035156,2260900.0,127.989013671875
2016-06-01,128.38999938964844,126.27999877929688,128.11000061035156,127.72000122070312,1643200.0,127.59937286376953
2016-06-02,129.83999633789062,127.72000122070312,127.76000213623047,129.57000732421875,1492100.0,129.4476318359375
2016-06-03,130.27999877929688,128.89999389648438,128.97000122070312,129.6999969482422,1236900.0,129.57749938964844
2016-06-06,131.25,128.47000122070312,129.75,129.6300048828125,857600.0,129.507568359375
2016-06-07,130.5,128.6699981689453,129.16000366210938,128.86000061035156,1189100.0,128.73829650878906
2016-06-08,131.39999389648438,128.44000244140625,128.82000732421875,131.1699981689453,1243400.0,131.04611206054688
2016-06-09,131.77000427246094,128.74000549316406,130.47999572753906,129.25,1043900.0,129.12791442871094
2016-06-10,129.22999572753906,127.55999755859375,128.55999755859375,128.0800018310547,1105000.0,127.95902252197266
2016-06-13,128.91000366210938,126.2300033569336,127.31999969482422,126.5,1312500.0,126.38053131103516
2016-06-14,127.55000305175781,125.69999694824219,126.30000305175781,127.37000274658203,987200.0,127.24970245361328
2016-06-15,128.22999572753906,126.08000183105469,127.52999877929688,126.55999755859375,1003500.0,126.44046783447266
2016-06-16,129.02000427246094,124.5,126.30999755859375,128.69000244140625,1865200.0,128.56845092773438
2016-06-17,130.0,128.0,129.0,129.5,1557200.0,129.377685546875
2016-06-20,129.3800048828125,127.0,127.8499984741211,127.83999633789062,2537100.0,127.7192611694336
2016-06-21,128.25,126.73999786376953,127.8499984741211,127.79000091552734,1077100.0,127.66930389404297
2016-06-22,129.36000061035156,127.33000183105469,128.11000061035156,127.9000015258789,1612100.0,127.77920532226562
2016-06-23,129.97999572753906,128.42999267578125,129.0,129.75,1427900.0,129.62745666503906
2016-06-24,128.22999572753906,126.18000030517578,126.77999877929688,127.70999908447266,3304500.0,127.5893783569336
2016-06-27,126.80000305175781,121.87000274658203,126.69999694824219,122.08999633789062,2083300.0,121.97468566894531
2016-06-28,125.43000030517578,122.87999725341797,124.04000091552734,125.20999908447266,1610900.0,125.09173583984375
2016-06-29,129.19000244140625,125.55000305175781,125.87000274658203,128.8300018310547,1377300.0,128.7083282470703
2016-06-30,129.19000244140625,126.69999694824219,128.1999969482422,127.98999786376953,1846900.0,127.86911010742188
2016-07-01,130.75,127.5999984741211,128.3300018310547,128.27000427246094,1848600.0,128.1488494873047
2016-07-05,128.8000030517578,125.76000213623047,128.39999389648438,126.75,1168700.0,126.63028717041016
2016-07-06,129.25999450683594,125.33999633789062,126.58000183105469,128.3000030517578,1584900.0,128.1788330078125
2016-07-07,129.27999877929688,126.68000030517578,128.82000732421875,127.0,2082700.0,126.88005065917969
2016-07-08,129.89999389648438,126.4000015258789,127.80000305175781,129.60000610351562,2226200.0,129.47760009765625
2016-07-11,129.8699951171875,128.05999755859375,129.5,128.3699951171875,1383900.0,128.24876403808594
2016-07-12,129.1699981689453,128.0,128.1199951171875,129.0,1328800.0,128.87815856933594
2016-07-13,130.33999633789062,128.92999267578125,129.63999938964844,130.19000244140625,1122600.0,130.06703186035156
2016-07-14,130.99000549316406,129.72000122070312,130.69000244140625,130.00999450683594,1757700.0,129.88719177246094
2016-07-15,133.47999572753906,130.0399932861328,130.47000122070312,131.6699981689453,2496500.0,131.545654296875
2016-07-18,133.6999969482422,131.41000366210938,132.6999969482422,133.1300048828125,1834800.0,133.0042724609375
2016-07-19,133.85000610351562,129.13999938964844,133.0800018310547,130.3000030517578,3183000.0,130.1769256591797
2016-07-20,133.25,130.99000549316406,131.02000427246094,133.11000061035156,1947400.0,132.9842987060547
2016-07-21,148.99000549316406,131.8000030517578,131.9199981689453,140.32000732421875,5321100.0,140.18746948242188
2016-07-22,146.74000549316406,139.74000549316406,141.64999389648438,146.0,3963900.0,145.86209106445312
2016-07-25,146.0,139.85000610351562,146.0,140.2100067138672,3500200.0,140.07757568359375
2016-07-26,142.63999938964844,138.25,139.69000244140625,140.00999450683594,2398700.0,139.87774658203125
2016-07-27,139.44000244140625,137.16000366210938,139.44000244140625,138.1300048828125,2265000.0,137.99954223632812
2016-07-28,138.77999877929688,135.94000244140625,137.74000549316406,135.99000549316406,1994600.0,135.861572265625
2016-07-29,130.75,127.30000305175781,128.6999969482422,128.9600067138672,5451000.0,128.83819580078125
2016-08-01,130.11000061035156,126.0199966430664,128.75,126.79000091552734,1905500.0,126.67025756835938
2016-08-02,127.69999694824219,123.52999877929688,126.58999633789062,124.12999725341797,1753100.0,124.01276397705078
2016-08-03,125.62999725341797,123.70999908447266,124.19000244140625,124.5999984741211,1713500.0,124.4823226928711
2016-08-04,128.8800048828125,124.5999984741211,124.68000030517578,128.27999877929688,2286700.0,128.15884399414062
2016-08-05,131.47000122070312,127.61000061035156,129.07000732421875,128.5,1503600.0,128.37863159179688
2016-08-08,129.02000427246094,126.7300033569336,128.13999938964844,128.38999938964844,993600.0,128.26873779296875
2016-08-09,129.5399932861328,126.98999786376953,128.6999969482422,127.16999816894531,1396800.0,127.04989624023438
2016-08-10,127.91999816894531,126.01000213623047,127.0,127.5999984741211,888200.0,127.47948455810547
2016-08-11,129.2899932861328,126.47000122070312,128.19000244140625,126.62000274658203,1140500.0,126.50041961669922
2016-08-12,133.5800018310547,125.55000305175781,126.86000061035156,133.30999755859375,3709600.0,133.18409729003906
2016-08-15,133.38999938964844,130.55999755859375,132.69000244140625,132.6300048828125,1822400.0,132.50473022460938
2016-08-16,132.75999450683594,130.8000030517578,132.22999572753906,131.8300018310547,1376100.0,131.7054901123047
2016-08-17,132.8300018310547,131.2899932861328,131.42999267578125,132.3000030517578,1270200.0,132.17506408691406
2016-08-18,133.91000366210938,132.0399932861328,132.0399932861328,132.6199951171875,1443900.0,132.49473571777344
2016-08-19,133.33999633789062,131.83999633789062,132.1999969482422,133.0,1077200.0,132.87437438964844
2016-08-22,133.47999572753906,132.72999572753906,133.0,133.35000610351562,660100.0,133.2240753173828
2016-08-23,134.49000549316406,132.8000030517578,133.77999877929688,133.0,895300.0,132.87437438964844
2016-08-24,133.94000244140625,131.10000610351562,132.94000244140625,131.3699951171875,800900.0,131.2459259033203
2016-08-25,131.57000732421875,128.9600067138672,130.6199951171875,129.41000366210938,838300.0,129.28778076171875
2016-08-26,130.47999572753906,126.5,129.60000610351562,127.6500015258789,1683900.0,127.5294418334961
2016-08-29,129.22000122070312,127.55000305175781,127.62000274658203,128.49000549316406,515700.0,128.36866760253906
2016-08-30,129.0399932861328,127.91999816894531,128.49000549316406,128.22000122070312,744500.0,128.09889221191406
2016-08-31,128.77000427246094,127.29000091552734,128.25,128.25999450683594,718700.0,128.1388702392578
2016-09-01,128.99000549316406,127.1500015258789,128.5800018310547,127.63999938964844,701500.0,127.51945495605469
2016-09-02,128.5,127.5,128.0399932861328,128.17999267578125,528100.0,128.05894470214844
2016-09-06,128.0399932861328,127.16999816894531,127.5999984741211,127.58000183105469,789900.0,127.45951080322266
2016-09-07,128.10000610351562,126.55000305175781,127.04000091552734,126.73999786376953,951500.0,126.62029266357422
2016-09-08,127.9000015258789,126.16999816894531,126.5199966430664,127.66999816894531,1056100.0,127.5494155883789
2016-09-09,129.08999633789062,127.05999755859375,127.05999755859375,128.4499969482422,1824500.0,128.32867431640625
2016-09-12,129.80999755859375,127.08000183105469,127.94999694824219,129.00999450683594,1224800.0,128.88815307617188
2016-09-13,128.77000427246094,126.94999694824219,128.77000427246094,127.54000091552734,1219900.0,127.41954803466797
2016-09-14,127.8499984741211,125.9800033569336,127.30999755859375,126.25,1125700.0,126.1307601928711
2016-09-15,128.8000030517578,125.91999816894531,126.0199966430664,128.63999938964844,1213300.0,128.5185089111328
2016-09-16,132.77999877929688,128.0,128.94000244140625,131.99000549316406,2742000.0,131.8653564453125
2016-09-19,132.88999938964844,131.61000061035156,132.2100067138672,131.88999938964844,1091500.0,131.7654266357422
2016-09-20,132.75999450683594,131.07000732421875,132.24000549316406,131.57000732421875,1027600.0,131.4457244873047
2016-09-21,132.94000244140625,130.67999267578125,131.52999877929688,132.55999755859375,1239900.0,132.43479919433594
2016-09-22,132.97000122070312,130.9499969482422,132.63999938964844,132.0,738900.0,131.87533569335938
2016-09-23,131.52000427246094,129.3699951171875,129.4600067138672,131.0,1164800.0,130.8762664794922
2016-09-26,130.72000122070312,129.97000122070312,130.72000122070312,130.33999633789062,718300.0,130.21690368652344
2016-09-27,131.88999938964844,129.85000610351562,130.11000061035156,131.6999969482422,883200.0,131.5756072998047
2016-09-28,132.36000061035156,130.7899932861328,131.99000549316406,131.5,459200.0,131.37579345703125
2016-09-29,133.57000732421875,130.5500030517578,131.8000030517578,130.8000030517578,1206800.0,130.67648315429688
2016-09-30,131.42999267578125,129.60000610351562,131.27999877929688,130.32000732421875,1415900.0,130.19691467285156
2016-10-03,130.22000122070312,127.81999969482422,129.8000030517578,128.00999450683594,704900.0,127.88909912109375
2016-10-04,128.5500030517578,127.30999755859375,128.30999755859375,128.11000061035156,910300.0,127.989013671875
2016-10-05,128.67999267578125,126.73999786376953,128.35000610351562,127.08999633789062,994500.0,126.969970703125
2016-10-06,127.61000061035156,126.55999755859375,127.04000091552734,126.9000015258789,624300.0,126.78014373779297
2016-10-07,128.16000366210938,126.9000015258789,127.44999694824219,127.2300033569336,670300.0,127.1098403930664
2016-10-10,128.0,127.13999938964844,127.2699966430664,127.7300033569336,566000.0,127.60936737060547
2016-10-11,127.33999633789062,124.9800033569336,127.33999633789062,125.0,1085500.0,124.88194274902344
2016-10-12,125.75,121.30999755859375,125.0999984741211,121.95999908447266,2546100.0,121.84481048583984
2016-10-13,122.4800033569336,120.08999633789062,121.56999969482422,121.16000366210938,1194900.0,121.04557037353516
2016-10-14,122.25,120.68000030517578,121.55999755859375,120.9000015258789,570200.0,120.78581237792969
2016-10-17,120.9000015258789,116.30000305175781,120.62999725341797,118.63999938964844,1943900.0,118.52794647216797
2016-10-18,124.66999816894531,119.5,120.0,123.6500015258789,1640800.0,123.53321838378906
2016-10-19,123.9800033569336,122.51000213623047,123.6500015258789,123.55000305175781,1295700.0,123.43331909179688
2016-10-20,124.80999755859375,123.36000061035156,123.97000122070312,123.62999725341797,854400.0,123.51323699951172
2016-10-21,124.31999969482422,122.56999969482422,122.9000015258789,124.18000030517578,639700.0,124.06271362304688
2016-10-24,124.69999694824219,123.30999755859375,124.44999694824219,124.05999755859375,796200.0,123.94282531738281
2016-10-25,124.88999938964844,123.52999877929688,123.5999984741211,124.30000305175781,947700.0,124.18260955810547
2016-10-26,124.76000213623047,123.72000122070312,124.37999725341797,123.80000305175781,1117900.0,123.68307495117188
2016-10-27,124.72000122070312,122.4000015258789,124.16000366210938,123.05999755859375,738700.0,122.94377899169922
2016-10-28,123.62999725341797,121.18000030517578,123.16000366210938,121.62000274658203,1229500.0,121.505126953125
2016-10-31,122.5,118.83000183105469,121.80000305175781,118.83000183105469,1414600.0,118.7177734375
2016-11-01,120.83999633789062,115.02999877929688,119.55000305175781,116.02999877929688,1728500.0,115.92041015625
2016-11-02,118.13999938964844,115.44999694824219,115.58999633789062,117.8499984741211,1828600.0,117.73868560791016
2016-11-03,123.33000183105469,117.2300033569336,119.5,117.30999755859375,2320900.0,117.19920349121094
2016-11-04,122.80000305175781,117.11000061035156,117.73999786376953,121.6500015258789,1735400.0,121.53510284423828
2016-11-07,126.91999816894531,122.3499984741211,122.56999969482422,126.25,1811900.0,126.1307601928711
2016-11-08,130.24000549316406,125.41000366210938,125.5199966430664,128.77000427246094,1386100.0,128.6483917236328
2016-11-09,136.77000427246094,124.4800033569336,127.45999908447266,135.8000030517578,2847500.0,135.6717529296875
2016-11-10,138.50999450683594,133.00999450683594,136.08999633789062,134.77000427246094,2572400.0,134.64271545410156
2016-11-11,136.4199981689453,131.88999938964844,134.6199951171875,133.6699981689453,1187200.0,133.5437469482422
2016-11-14,138.77999877929688,133.10000610351562,134.22999572753906,136.1199951171875,2048700.0,135.99143981933594
2016-11-15,138.66000366210938,134.2899932861328,136.0800018310547,137.8000030517578,1082900.0,137.66986083984375
2016-11-16,138.72000122070312,136.5500030517578,137.92999267578125,137.88999938964844,1049100.0,137.759765625
2016-11-17,140.1999969482422,136.25999450683594,137.22999572753906,140.0,1146300.0,139.86778259277344
2016-11-18,142.0,136.72999572753906,139.6199951171875,138.6999969482422,1173000.0,138.56898498535156
2016-11-21,139.9499969482422,136.0399932861328,138.1300048828125,137.0800018310547,1077600.0,136.95053100585938
2016-11-22,140.77000427246094,136.72000122070312,137.35000610351562,139.72999572753906,1458400.0,139.59803771972656
2016-11-23,140.5,136.80999755859375,139.6999969482422,139.52999877929688,843100.0,139.39822387695312
2016-11-25,141.47999572753906,138.52999877929688,139.8800048828125,138.6699981689453,306600.0,138.53903198242188
2016-11-28,139.33999633789062,136.1999969482422,138.8300018310547,136.77000427246094,1193500.0,136.64083862304688
2016-11-29,139.9499969482422,136.77000427246094,136.77000427246094,138.3000030517578,1391600.0,138.1693878173828
2016-11-30,138.0500030517578,134.52999877929688,137.9600067138672,134.74000549316406,2099700.0,134.61276245117188
2016-12-01,136.9199981689453,134.1699981689453,134.1699981689453,134.5,1638300.0,134.37295532226562
2016-12-02,135.9499969482422,132.6300048828125,135.0800018310547,133.44000244140625,1386000.0,133.31396484375
2016-12-05,135.4499969482422,131.64999389648438,133.64999389648438,134.6999969482422,1085700.0,134.57276916503906
2016-12-06,137.74000549316406,134.1300048828125,135.50999450683594,137.25,1121800.0,137.120361328125
2016-12-07,137.52000427246094,135.80999755859375,136.8800048828125,136.8300018310547,1694300.0,136.70077514648438
2016-12-08,138.57000732421875,135.10000610351562,136.50999450683594,137.1300048828125,1118200.0,137.00047302246094
2016-12-09,137.94000244140625,133.8699951171875,137.1699981689453,134.8000030517578,1417400.0,134.67269897460938
2016-12-12,134.39999389648438,131.02999877929688,134.02999877929688,132.3800048828125,1169500.0,132.25497436523438
2016-12-13,135.82000732421875,131.52000427246094,132.91000366210938,134.57000732421875,1296800.0,134.44290161132812
2016-12-14,135.83999633789062,132.30999755859375,135.22999572753906,133.24000549316406,879700.0,133.1141815185547
2016-12-15,134.55999755859375,131.25999450683594,133.19000244140625,133.99000549316406,921400.0,133.86346435546875
2016-12-16,137.6999969482422,134.85000610351562,134.86000061035156,136.75999450683594,2759500.0,136.63082885742188
2016-12-19,139.0,136.83999633789062,137.58999633789062,138.08999633789062,1214100.0,137.95957946777344
2016-12-20,139.74000549316406,136.5500030517578,138.10000610351562,137.11000061035156,1108100.0,136.9805145263672
2016-12-21,137.42999267578125,135.8699951171875,137.42999267578125,137.07000732421875,727900.0,136.9405517578125
2016-12-22,137.5,135.4600067138672,136.89999389648438,136.97000122070312,1097600.0,136.84063720703125
2016-12-23,138.63999938964844,136.4499969482422,137.42999267578125,138.61000061035156,431900.0,138.47909545898438
2016-12-27,140.6999969482422,138.25999450683594,138.25999450683594,139.38999938964844,481100.0,139.2583465576172
2016-12-28,140.3000030517578,137.0,139.61000061035156,137.0,828400.0,136.87060546875
2016-12-29,138.67999267578125,135.19000244140625,137.5399932861328,135.5,641700.0,135.3720245361328
2016-12-30,135.88999938964844,133.11000061035156,135.57000732421875,133.38999938964844,1199600.0,133.26400756835938
2017-01-03,135.8300018310547,133.66000366210938,133.91000366210938,135.72000122070312,1443000.0,135.59182739257812
2017-01-04,138.88999938964844,133.6999969482422,136.0800018310547,138.72000122070312,1207800.0,138.5889892578125
2017-01-05,142.77000427246094,138.3300018310547,139.0800018310547,141.7100067138672,1446700.0,141.576171875
2017-01-06,143.14999389648438,140.99000549316406,141.0,141.80999755859375,983700.0,141.67605590820312
2017-01-09,142.61000061035156,140.0500030517578,141.30999755859375,142.35000610351562,986200.0,142.21556091308594
2017-01-10,142.0,140.1999969482422,141.24000549316406,140.22999572753906,1245100.0,140.09754943847656
2017-01-11,142.63999938964844,139.8800048828125,140.55999755859375,142.63999938964844,1418600.0,142.50526428222656
2017-01-12,145.7899932861328,141.02999877929688,141.5399932861328,144.6699981689453,1726100.0,144.53335571289062
2017-01-13,146.77000427246094,143.77999877929688,144.30999755859375,146.30999755859375,1488500.0,146.1717987060547
2017-01-17,145.9600067138672,144.02000427246094,145.9499969482422,144.77000427246094,1079300.0,144.63328552246094
2017-01-18,145.39999389648438,140.22000122070312,145.39999389648438,141.97000122070312,1974700.0,141.83592224121094
2017-01-19,146.30999755859375,133.52000427246094,141.3300018310547,144.16000366210938,2538400.0,144.0238494873047
2017-01-20,145.6699981689453,143.3800048828125,144.77999877929688,144.77000427246094,1333700.0,144.63328552246094
2017-01-23,145.6999969482422,142.25,144.32000732421875,145.30999755859375,1576400.0,145.17274475097656
2017-01-24,147.5399932861328,144.02000427246094,145.2100067138672,146.52999877929688,1260800.0,146.3916015625
2017-01-25,149.22999572753906,146.6300048828125,147.02000427246094,148.57000732421875,1211600.0,148.4296875
2017-01-26,148.6999969482422,146.64999389648438,148.27999877929688,146.8000030517578,1017500.0,146.66136169433594
2017-01-27,148.0,145.4199981689453,147.55999755859375,146.80999755859375,1100900.0,146.67132568359375
2017-01-30,146.7899932861328,144.30999755859375,146.77999877929688,145.6999969482422,687400.0,145.56239318847656
2017-01-31,146.52999877929688,144.5,145.1199951171875,146.22000122070312,884400.0,146.0819091796875
2017-02-01,149.4199981689453,145.36000061035156,147.0,147.63999938964844,1254500.0,147.50054931640625
2017-02-02,150.69000244140625,144.02999877929688,149.6999969482422,148.2899932861328,1532100.0,148.14993286132812
2017-02-03,150.11000061035156,148.10000610351562,149.07000732421875,149.3000030517578,1222600.0,149.15899658203125
2017-02-06,149.55999755859375,145.97999572753906,148.6699981689453,147.02999877929688,1277500.0,146.89112854003906
2017-02-07,148.6300048828125,145.92999267578125,147.07000732421875,147.89999389648438,772500.0,147.76031494140625
2017-02-08,148.69000244140625,146.3000030517578,147.0,147.83999633789062,652900.0,147.7003631591797
2017-02-09,148.30999755859375,145.33999633789062,147.74000549316406,148.13999938964844,2312700.0,148.0000762939453
2017-02-10,149.32000732421875,145.5,147.5500030517578,145.5500030517578,1918500.0,145.41253662109375
2017-02-13,147.14999389648438,144.82000732421875,146.6199951171875,145.85000610351562,1067100.0,145.71224975585938
2017-02-14,148.0800018310547,144.5,145.22000122070312,146.67999267578125,1939500.0,146.54147338867188
2017-02-15,147.66000366210938,145.5800018310547,146.2100067138672,146.58999633789062,2249000.0,146.4515380859375
2017-02-16,146.94000244140625,143.8699951171875,146.83999633789062,145.3300018310547,1569400.0,145.19273376464844
2017-02-17,144.25999450683594,141.92999267578125,144.17999267578125,143.55999755859375,2018700.0,143.42440795898438
2017-02-21,147.24000549316406,143.66000366210938,144.00999450683594,146.97000122070312,1773400.0,146.83119201660156
2017-02-22,148.4199981689453,145.9199981689453,146.24000549316406,147.49000549316406,1625800.0,147.3507080078125
2017-02-23,147.75,147.11000061035156,147.6199951171875,147.50999450683594,1447400.0,147.37066650390625
2017-02-24,147.61000061035156,146.5399932861328,147.4600067138672,147.0399932861328,919300.0,146.90110778808594
2017-02-27,150.0,146.25,146.75999450683594,149.72000122070312,2660400.0,149.57858276367188
2017-02-28,149.86000061035156,148.41000366210938,149.72000122070312,148.89999389648438,1427800.0,148.7593536376953
2017-03-01,152.99000549316406,149.30999755859375,150.0,152.1999969482422,1519300.0,152.05624389648438
2017-03-02,152.3800048828125,151.10000610351562,152.10000610351562,151.5800018310547,817700.0,151.43682861328125
2017-03-03,152.6199951171875,149.0,150.88999938964844,151.99000549316406,749100.0,151.84646606445312
2017-03-06,153.11000061035156,150.85000610351562,150.8800048828125,152.9600067138672,1843300.0,152.81553649902344
2017-03-07,154.24000549316406,151.14999389648438,152.58999633789062,151.83999633789062,1653100.0,151.69659423828125
2017-03-08,153.02000427246094,150.67999267578125,151.74000549316406,152.24000549316406,832000.0,152.1363067626953
2017-03-09,153.0500030517578,151.4600067138672,152.8000030517578,152.1999969482422,980000.0,152.09632873535156
2017-03-10,153.33999633789062,151.41000366210938,153.16000366210938,151.9199981689453,1270600.0,151.81651306152344
2017-03-13,153.9199981689453,151.32000732421875,152.3300018310547,153.39999389648438,1138300.0,153.2954864501953
2017-03-14,154.30999755859375,152.3300018310547,152.97000122070312,153.5399932861328,1299300.0,153.43540954589844
2017-03-15,154.8300018310547,153.49000549316406,154.27999877929688,154.0,1452800.0,153.89508056640625
2017-03-16,154.27000427246094,151.60000610351562,153.99000549316406,151.7899932861328,1342500.0,151.6865997314453
2017-03-17,152.3800048828125,150.88999938964844,151.52999877929688,151.88999938964844,1563200.0,151.78652954101562
2017-03-20,153.02000427246094,150.7100067138672,152.16000366210938,151.1300048828125,1634600.0,151.0270538330078
2017-03-21,151.80999755859375,149.2899932861328,151.77999877929688,149.61000061035156,1743000.0,149.50808715820312
2017-03-22,151.3300018310547,148.33999633789062,150.0800018310547,150.3699951171875,1104200.0,150.26756286621094
2017-03-23,151.36000061035156,149.00999450683594,149.99000549316406,149.17999267578125,869600.0,149.07838439941406
2017-03-24,150.41000366210938,144.97000122070312,149.3699951171875,145.82000732421875,2130900.0,145.72067260742188
2017-03-27,146.36000061035156,143.85000610351562,144.22000122070312,146.0399932861328,2003600.0,145.94052124023438
2017-03-28,148.66000366210938,145.5500030517578,146.02000427246094,148.3000030517578,921100.0,148.19898986816406
2017-03-29,148.52000427246094,146.6699981689453,147.6300048828125,147.22999572753906,822500.0,147.12969970703125
2017-03-30,148.94000244140625,147.13999938964844,147.5500030517578,147.60000610351562,804700.0,147.4994659423828
2017-03-31,147.60000610351562,146.49000549316406,147.50999450683594,146.49000549316406,1440100.0,146.39022827148438
2017-04-03,151.0,146.6999969482422,146.6999969482422,149.38999938964844,1631000.0,149.28823852539062
2017-04-04,150.6999969482422,148.75,149.07000732421875,150.5399932861328,1222700.0,150.4374542236328
2017-04-05,152.0,149.42999267578125,151.00999450683594,149.91000366210938,1457600.0,149.80789184570312
2017-04-06,151.39999389648438,148.75,149.91000366210938,151.2100067138672,1502800.0,151.1070098876953
2017-04-07,152.27000427246094,150.0399932861328,151.10000610351562,152.0399932861328,1480200.0,151.93643188476562
2017-04-10,153.19000244140625,151.57000732421875,152.00999450683594,152.27999877929688,1491400.0,152.17625427246094
2017-04-11,151.86000061035156,150.63999938964844,151.47000122070312,151.57000732421875,829400.0,151.4667510986328
2017-04-12,151.38999938964844,149.8699951171875,150.89999389648438,150.58999633789062,791900.0,150.48741149902344
2017-04-13,151.07000732421875,149.77000427246094,150.25,150.41000366210938,774900.0,150.30755615234375
2017-04-17,151.22999572753906,150.25,150.6699981689453,151.1699981689453,823800.0,151.0670166015625
2017-04-18,151.42999267578125,149.10000610351562,151.1699981689453,149.82000732421875,1044400.0,149.7179412841797
2017-04-19,152.33999633789062,149.9499969482422,150.50999450683594,151.9499969482422,789500.0,151.84649658203125
2017-04-20,156.2100067138672,151.0399932861328,151.69000244140625,155.3800048828125,1755900.0,155.27415466308594
2017-04-21,155.36000061035156,153.94000244140625,155.2100067138672,155.0800018310547,971500.0,154.974365234375
2017-04-24,157.30999755859375,155.5,156.41000366210938,155.9600067138672,911100.0,155.853759765625
2017-04-25,159.07000732421875,155.47000122070312,155.47000122070312,157.17999267578125,1168400.0,157.07293701171875
2017-04-26,158.6199951171875,155.6999969482422,157.32000732421875,156.92999267578125,907700.0,156.82310485839844
2017-04-27,158.22999572753906,155.89999389648438,157.2100067138672,156.2100067138672,727000.0,156.10360717773438
2017-04-28,157.39999389648438,152.88999938964844,155.72000122070312,156.3699951171875,1579000.0,156.2634735107422
2017-05-01,158.47000122070312,156.47999572753906,156.67999267578125,157.52000427246094,942700.0,157.41270446777344
2017-05-02,158.82000732421875,156.22999572753906,157.88999938964844,158.3800048828125,1051400.0,158.27212524414062
2017-05-03,159.14999389648438,156.63999938964844,158.22000122070312,157.02999877929688,970300.0,156.92303466796875
2017-05-04,158.16000366210938,155.32000732421875,157.7899932861328,156.72999572753906,1407100.0,156.6232452392578
2017-05-05,161.57000732421875,158.24000549316406,159.0,160.25,1623100.0,160.14083862304688
2017-05-08,162.1300048828125,160.11000061035156,160.66000366210938,161.75,1434800.0,161.6398162841797
2017-05-09,163.47999572753906,161.77999877929688,161.86000061035156,162.64999389648438,1280200.0,162.53919982910156
2017-05-10,163.27999877929688,161.67999267578125,162.0,162.89999389648438,1447800.0,162.78903198242188
2017-05-11,164.2899932861328,161.6999969482422,163.0399932861328,163.82000732421875,989200.0,163.7084197998047
2017-05-12,164.8800048828125,161.52999877929688,163.5,162.02999877929688,1441400.0,161.9196319580078
2017-05-15,162.92999267578125,161.1699981689453,161.6999969482422,162.10000610351562,1578500.0,161.98959350585938
2017-05-16,162.1699981689453,160.41000366210938,162.0,161.33999633789062,1318400.0,161.23008728027344
2017-05-17,161.33999633789062,158.2899932861328,161.33999633789062,158.41000366210938,1633500.0,158.30209350585938
2017-05-18,160.6699981689453,158.41000366210938,158.88999938964844,160.10000610351562,1449700.0,159.99095153808594
2017-05-19,161.5500030517578,159.3000030517578,160.41000366210938,159.47999572753906,1607600.0,159.37136840820312
2017-05-22,160.13999938964844,158.7899932861328,159.75999450683594,159.35000610351562,1586600.0,159.24147033691406
2017-05-23,160.72000122070312,159.35000610351562,159.35000610351562,160.52000427246094,786100.0,160.41065979003906
2017-05-24,162.13999938964844,160.08999633789062,160.5800018310547,161.86000061035156,854300.0,161.749755859375
2017-05-25,164.27999877929688,161.63999938964844,162.5800018310547,161.64999389648438,1796900.0,161.53988647460938
2017-05-26,162.1300048828125,159.91000366210938,161.8699951171875,161.32000732421875,1348300.0,161.21011352539062
2017-05-30,162.27000427246094,161.0500030517578,161.4499969482422,161.5,1084100.0,161.38998413085938
2017-05-31,162.3699951171875,160.75999450683594,161.4199981689453,161.22999572753906,1130200.0,161.12017822265625
2017-06-01,164.8000030517578,161.1999969482422,161.7899932861328,163.9499969482422,2236100.0,163.83831787109375
2017-06-02,165.16000366210938,163.77999877929688,164.0,164.4600067138672,1377500.0,164.3479766845703
2017-06-05,165.58999633789062,163.88999938964844,164.58999633789062,164.75999450683594,1590500.0,164.6477508544922
2017-06-06,167.05999755859375,164.22999572753906,164.5,165.5,2165100.0,165.3872528076172
2017-06-07,170.0,165.89999389648438,165.9199981689453,168.47999572753906,2572400.0,168.365234375
2017-06-08,169.5,165.6699981689453,168.47999572753906,166.50999450683594,3074800.0,166.39657592773438
2017-06-09,168.0800018310547,165.6300048828125,166.61000061035156,166.74000549316406,1746300.0,166.62643432617188
2017-06-12,166.9499969482422,163.4600067138672,166.5,166.8000030517578,1595300.0,166.68638610839844
2017-06-13,167.75,165.8800048828125,166.82000732421875,166.5500030517578,1383800.0,166.43655395507812
2017-06-14,168.36000061035156,166.44000244140625,167.0,168.11000061035156,1199400.0,167.9954833984375
2017-06-15,168.1999969482422,166.55999755859375,167.64999389648438,167.27999877929688,1056800.0,167.16604614257812
2017-06-16,169.25,167.1199951171875,167.8300018310547,169.0800018310547,2008800.0,168.96481323242188
2017-06-19,170.5,169.0800018310547,169.0800018310547,170.25999450683594,1895600.0,170.14401245117188
2017-06-20,170.55999755859375,169.1699981689453,170.0,169.5800018310547,2130800.0,169.46449279785156
2017-06-21,171.6199951171875,169.52000427246094,169.52000427246094,170.17999267578125,1356100.0,170.06407165527344
2017-06-22,173.2100067138672,169.7899932861328,170.1999969482422,170.67999267578125,2192800.0,170.563720703125
2017-06-23,171.14999389648438,168.89999389648438,171.0,169.61000061035156,3666200.0,169.4944610595703
2017-06-26,169.91000366210938,167.94000244140625,169.64999389648438,168.25999450683594,1407000.0,168.14537048339844
2017-06-27,169.36000061035156,166.88999938964844,168.64999389648438,167.0500030517578,1711200.0,166.93621826171875
2017-06-28,169.02999877929688,167.3699951171875,167.8300018310547,168.1300048828125,1271900.0,168.01547241210938
2017-06-29,168.86000061035156,166.05999755859375,168.5,166.6999969482422,1112000.0,166.58644104003906
2017-06-30,168.05999755859375,166.55999755859375,166.69000244140625,167.38999938964844,1751900.0,167.27597045898438
2017-07-03,168.44000244140625,166.80999755859375,168.27000427246094,167.5,854300.0,167.3859100341797
2017-07-05,169.32000732421875,167.25,167.5500030517578,169.16000366210938,2368300.0,169.04476928710938
2017-07-06,169.33999633789062,166.86000061035156,168.85000610351562,167.94000244140625,1049200.0,167.8256072998047
2017-07-07,170.38999938964844,168.11000061035156,168.5,169.61000061035156,1529600.0,169.4944610595703
2017-07-10,170.63999938964844,168.4600067138672,169.22000122070312,169.57000732421875,1759400.0,169.45449829101562
2017-07-11,171.33999633789062,169.17999267578125,169.64999389648438,171.16000366210938,1101000.0,171.0434112548828
2017-07-12,173.44000244140625,170.8800048828125,171.50999450683594,172.05999755859375,1474200.0,171.94277954101562
2017-07-13,174.1999969482422,171.99000549316406,172.24000549316406,173.0500030517578,1073300.0,172.93212890625
2017-07-14,174.27000427246094,172.60000610351562,173.00999450683594,173.8000030517578,945800.0,173.68162536621094
2017-07-17,174.39999389648438,172.9600067138672,174.39999389648438,174.19000244140625,1019000.0,174.07135009765625
2017-07-18,174.4600067138672,170.80999755859375,174.22999572753906,172.10000610351562,1392300.0,171.98277282714844
2017-07-19,174.97000122070312,172.4499969482422,172.4499969482422,174.30999755859375,1240500.0,174.19125366210938
2017-07-20,175.0500030517578,173.5800018310547,174.30999755859375,174.49000549316406,883300.0,174.3711395263672
2017-07-21,175.1699981689453,173.99000549316406,174.24000549316406,174.22999572753906,726800.0,174.11131286621094
2017-07-24,174.91000366210938,173.6300048828125,174.13999938964844,174.52999877929688,940900.0,174.41110229492188
2017-07-25,175.8000030517578,173.55999755859375,175.27999877929688,173.80999755859375,1166100.0,173.69158935546875
2017-07-26,174.47000122070312,172.52000427246094,173.47999572753906,173.57000732421875,913000.0,173.45176696777344
2017-07-27,173.5800018310547,171.19000244140625,173.3300018310547,172.07000732421875,860200.0,171.95278930664062
2017-07-28,174.1999969482422,170.9199981689453,172.25999450683594,173.97000122070312,920300.0,173.85150146484375
2017-07-31,175.17999267578125,173.33999633789062,173.88999938964844,173.55999755859375,986300.0,173.44175720214844
2017-08-01,174.63999938964844,172.8699951171875,174.0,172.9600067138672,864300.0,172.84217834472656
2017-08-02,175.3300018310547,173.17999267578125,173.17999267578125,174.74000549316406,924300.0,174.6209716796875
2017-08-03,177.24000549316406,174.9600067138672,175.85000610351562,176.0500030517578,1574000.0,175.93008422851562
2017-08-04,178.5,170.5500030517578,177.99000549316406,172.5500030517578,2225500.0,172.43247985839844
2017-08-07,176.97999572753906,172.5,172.6699981689453,175.97999572753906,1692100.0,175.86012268066406
2017-08-08,176.7899932861328,174.67999267578125,175.6699981689453,175.6300048828125,1108600.0,175.5103759765625
2017-08-09,178.35000610351562,174.5,175.6999969482422,178.0800018310547,1508800.0,177.9586944580078
2017-08-10,178.57000732421875,175.1199951171875,177.3800048828125,175.36000061035156,1143700.0,175.2405548095703
2017-08-11,176.82000732421875,174.22000122070312,175.99000549316406,174.3800048828125,1174000.0,174.26121520996094
2017-08-14,177.19000244140625,175.61000061035156,175.61000061035156,176.35000610351562,795800.0,176.22988891601562
2017-08-15,179.5,176.6199951171875,176.8300018310547,179.16000366210938,1339100.0,179.0379638671875
2017-08-16,180.4199981689453,179.4600067138672,179.5,179.86000061035156,942600.0,179.73748779296875
2017-08-17,181.0,178.0,179.61000061035156,178.02999877929688,1065800.0,177.90872192382812
2017-08-18,178.27000427246094,176.00999450683594,177.89999389648438,177.02999877929688,1034400.0,176.90940856933594
2017-08-21,178.35000610351562,177.0,177.02999877929688,177.97999572753906,1081000.0,177.8587646484375
2017-08-22,180.38999938964844,178.0,178.0,179.82000732421875,1001700.0,179.697509765625
2017-08-23,180.05999755859375,178.85000610351562,179.50999450683594,179.38999938964844,856600.0,179.26779174804688
2017-08-24,179.97000122070312,178.22000122070312,179.8800048828125,179.77000427246094,1242600.0,179.64755249023438
2017-08-25,181.14999389648438,179.3000030517578,179.9499969482422,179.3000030517578,844000.0,179.1778564453125
2017-08-28,181.55999755859375,179.8300018310547,180.0399932861328,180.5,895700.0,180.3770294189453
2017-08-29,180.61000061035156,179.75999450683594,179.77000427246094,180.08999633789062,960900.0,179.9673309326172
2017-08-30,180.14999389648438,179.4199981689453,179.64999389648438,179.6699981689453,905400.0,179.547607421875
2017-08-31,182.17999267578125,179.86000061035156,180.00999450683594,182.05999755859375,1443500.0,181.93597412109375
2017-09-01,184.22999572753906,182.22999572753906,182.67999267578125,183.1699981689453,1018700.0,183.0452423095703
2017-09-05,185.50999450683594,182.11000061035156,182.1999969482422,185.30999755859375,1281400.0,185.1837615966797
2017-09-06,185.49000549316406,181.50999450683594,185.30999755859375,182.10000610351562,1297900.0,181.97596740722656
2017-09-07,185.17999267578125,181.86000061035156,182.25999450683594,184.97999572753906,1124100.0,184.85398864746094
2017-09-08,185.36000061035156,184.13999938964844,184.69000244140625,184.55999755859375,1352800.0,184.4342803955078
2017-09-11,186.32000732421875,184.64999389648438,185.00999450683594,186.32000732421875,1618600.0,186.19308471679688
2017-09-12,186.92999267578125,184.8699951171875,186.41000366210938,185.5500030517578,1178300.0,185.42361450195312
2017-09-13,188.36000061035156,185.4600067138672,185.4600067138672,187.6199951171875,1299500.0,187.4921875
2017-09-14,187.9499969482422,185.0399932861328,187.0500030517578,185.22999572753906,1394600.0,185.10382080078125
2017-09-15,186.6999969482422,185.02000427246094,185.80999755859375,186.0500030517578,2462000.0,185.9232635498047
2017-09-18,186.47000122070312,184.80999755859375,186.0500030517578,185.3000030517578,923600.0,185.17376708984375
2017-09-19,185.9499969482422,180.22999572753906,185.94000244140625,181.50999450683594,1931100.0,181.3863525390625
2017-09-20,182.24000549316406,180.58999633789062,181.67999267578125,181.82000732421875,1887400.0,181.69615173339844
2017-09-21,182.85000610351562,180.0399932861328,181.69000244140625,182.1300048828125,943600.0,182.0059356689453
2017-09-22,184.3699951171875,180.27999877929688,182.1300048828125,182.74000549316406,1628000.0,182.61550903320312
2017-09-25,184.30999755859375,181.36000061035156,183.05999755859375,181.44000244140625,948600.0,181.31640625
2017-09-26,183.77999877929688,181.75,182.27999877929688,183.63999938964844,1127200.0,183.51490783691406
2017-09-27,185.13999938964844,182.02000427246094,184.0,184.42999267578125,1115400.0,184.3043670654297
2017-09-28,187.91000366210938,183.89999389648438,184.0,187.0,1006600.0,186.8726043701172
2017-09-29,187.22000122070312,185.11000061035156,187.0,186.94000244140625,1116000.0,186.81265258789062
2017-10-02,189.02999877929688,186.3300018310547,187.7100067138672,189.00999450683594,1358000.0,188.88124084472656
2017-10-03,192.50999450683594,189.1999969482422,189.1999969482422,191.99000549316406,1458400.0,191.8592071533203
2017-10-04,193.0,190.60000610351562,192.00999450683594,190.75,1054400.0,190.62005615234375
2017-10-05,191.92999267578125,189.47999572753906,191.02000427246094,190.67999267578125,1056900.0,190.5500946044922
2017-10-06,192.72000122070312,190.25,191.00999450683594,190.9499969482422,879600.0,190.81991577148438
2017-10-09,190.89999389648438,188.86000061035156,190.3699951171875,189.08999633789062,781900.0,188.96119689941406
2017-10-10,189.44000244140625,186.88999938964844,189.08999633789062,188.07000732421875,979800.0,187.94189453125
2017-10-11,188.07000732421875,186.30999755859375,187.83999633789062,186.9499969482422,1331200.0,186.82264709472656
2017-10-12,188.75999450683594,186.55999755859375,187.6300048828125,186.9600067138672,1139300.0,186.83265686035156
2017-10-13,186.42999267578125,183.0800018310547,184.0,186.14999389648438,1974100.0,186.023193359375
2017-10-16,186.9600067138672,184.02000427246094,186.14999389648438,184.99000549316406,1218000.0,184.86398315429688
2017-10-17,188.75999450683594,185.27999877929688,185.38999938964844,187.1999969482422,2279000.0,187.07247924804688
2017-10-18,190.52999877929688,187.85000610351562,187.85000610351562,189.36000061035156,2458700.0,189.23101806640625
2017-10-19,189.07000732421875,186.10000610351562,189.07000732421875,188.22000122070312,2033400.0,188.091796875
2017-10-20,192.72999572753906,188.61000061035156,189.00999450683594,191.4199981689453,1708600.0,191.28961181640625
2017-10-23,194.2899932861328,191.2899932861328,191.72999572753906,193.3800048828125,1252000.0,193.24827575683594
2017-10-24,194.52000427246094,192.0,192.83999633789062,193.88999938964844,1226000.0,193.75791931152344
2017-10-25,195.83999633789062,192.47999572753906,193.39999389648438,195.6999969482422,1599100.0,195.5666961669922
2017-10-26,202.22000122070312,195.89999389648438,196.3800048828125,198.75,1765100.0,198.61460876464844
2017-10-27,202.5,198.60000610351562,198.69000244140625,201.94000244140625,1482300.0,201.8024444580078
2017-10-30,201.88999938964844,197.6999969482422,201.5399932861328,197.72000122070312,1127500.0,197.5853271484375
2017-10-31,198.63999938964844,196.50999450683594,198.63999938964844,197.22000122070312,1290700.0,197.08566284179688
2017-11-01,198.5800018310547,196.75,198.1999969482422,197.83999633789062,1679000.0,197.70523071289062
2017-11-02,205.75,197.60000610351562,205.75,198.38999938964844,1958600.0,198.25486755371094
2017-11-03,203.10000610351562,196.27999877929688,198.64999389648438,201.89999389648438,1238200.0,201.76246643066406
2017-11-06,205.17999267578125,201.44000244140625,201.89999389648438,205.0,1322000.0,204.8603515625
2017-11-07,206.4499969482422,204.02000427246094,205.02000427246094,205.49000549316406,1128400.0,205.3500213623047
2017-11-08,205.0,200.47999572753906,205.0,200.5,1636800.0,200.36341857910156
2017-11-09,200.0,196.3699951171875,200.0,197.52000427246094,1774100.0,197.3854522705078
2017-11-10,198.5500030517578,196.89999389648438,197.55999755859375,197.97999572753906,991100.0,197.8451385498047
2017-11-13,198.27000427246094,195.89999389648438,197.8000030517578,197.61000061035156,1277900.0,197.4753875732422
2017-11-14,197.6699981689453,195.25,197.22999572753906,197.13999938964844,1263100.0,197.00570678710938
2017-11-15,197.41000366210938,196.1199951171875,196.6199951171875,196.5,1293500.0,196.36614990234375
2017-11-16,201.33999633789062,196.2899932861328,196.6999969482422,200.97000122070312,1130100.0,200.83311462402344
2017-11-17,200.2100067138672,197.77000427246094,199.91000366210938,197.97000122070312,980900.0,197.83514404296875
2017-11-20,199.83999633789062,197.8800048828125,198.66000366210938,199.41000366210938,826000.0,199.274169921875
2017-11-21,202.08999633789062,199.72999572753906,200.0,201.99000549316406,1125100.0,201.85240173339844
2017-11-22,202.3699951171875,199.9199981689453,202.25,200.72000122070312,791400.0,200.58326721191406
2017-11-24,201.4499969482422,200.10000610351562,200.58999633789062,200.60000610351562,409800.0,200.46336364746094
2017-11-27,202.14999389648438,199.8699951171875,200.9199981689453,199.92999267578125,1477500.0,199.79379272460938
2017-11-28,201.50999450683594,199.1699981689453,200.77000427246094,200.5500030517578,1912500.0,200.41339111328125
2017-11-29,207.2100067138672,199.8800048828125,201.16000366210938,205.8300018310547,1529700.0,205.68978881835938
2017-11-30,212.4600067138672,205.50999450683594,206.27999877929688,211.72999572753906,2069300.0,211.5857696533203
2017-12-01,211.6199951171875,203.11000061035156,211.6199951171875,208.41000366210938,1442400.0,208.26803588867188
2017-12-04,211.9600067138672,203.50999450683594,211.0399932861328,204.11000061035156,1842800.0,203.97096252441406
2017-12-05,205.24000549316406,202.72999572753906,204.82000732421875,204.1199951171875,917300.0,203.98095703125
2017-12-06,205.5800018310547,202.66000366210938,204.1199951171875,204.2100067138672,869800.0,204.07090759277344
2017-12-07,207.2100067138672,203.52000427246094,203.6199951171875,206.0,980100.0,205.85968017578125
2017-12-08,211.58999633789062,206.16000366210938,206.75999450683594,209.97000122070312,1250500.0,209.82696533203125
2017-12-11,210.7100067138672,208.30999755859375,209.35000610351562,209.16000366210938,1082200.0,209.0175323486328
2017-12-12,209.97999572753906,206.47999572753906,209.13999938964844,208.47999572753906,1044200.0,208.33798217773438
2017-12-13,209.3699951171875,207.13999938964844,208.44000244140625,207.9199981689453,1038700.0,207.7783660888672
2017-12-14,209.00999450683594,203.47999572753906,208.86000061035156,203.6300048828125,1033600.0,203.4912872314453
2017-12-15,205.27999877929688,202.8800048828125,205.17999267578125,204.13999938964844,3639800.0,204.00094604492188
2017-12-18,206.8000030517578,204.47000122070312,206.1300048828125,206.33999633789062,1643800.0,206.19944763183594
2017-12-19,208.47000122070312,205.5399932861328,206.4499969482422,207.25999450683594,923500.0,207.1188201904297
2017-12-20,210.27000427246094,205.80999755859375,207.49000549316406,206.02999877929688,1396200.0,205.8896484375
2017-12-21,208.08999633789062,204.47000122070312,206.82000732421875,204.52000427246094,1585200.0,204.38067626953125
2017-12-22,205.5500030517578,202.41000366210938,205.5500030517578,203.38999938964844,1091700.0,203.25146484375
2017-12-26,204.42999267578125,202.52999877929688,202.80999755859375,203.77999877929688,641200.0,203.6411895751953
2017-12-27,204.4600067138672,202.47999572753906,204.35000610351562,202.7100067138672,1107400.0,202.57192993164062
2017-12-28,205.5,202.24000549316406,203.24000549316406,205.24000549316406,611500.0,205.10018920898438
2017-12-29,206.16000366210938,203.0500030517578,206.0,203.08999633789062,736200.0,202.95166015625
2018-01-02,204.97999572753906,202.33999633789062,204.13999938964844,202.55999755859375,1115900.0,202.42201232910156
2018-01-03,206.32000732421875,201.3000030517578,202.52000427246094,205.9600067138672,1362800.0,205.8197021484375
2018-01-04,208.0399932861328,206.07000732421875,206.07000732421875,207.0399932861328,888600.0,206.8989715576172
2018-01-05,211.0800018310547,207.60000610351562,207.91000366210938,210.5500030517578,755000.0,210.40658569335938
2018-01-08,210.49000549316406,207.7100067138672,209.77000427246094,208.22000122070312,1130900.0,208.0781707763672
2018-01-09,209.2100067138672,206.97000122070312,207.97999572753906,207.8699951171875,1280200.0,207.7283935546875
2018-01-10,207.17999267578125,205.0500030517578,205.67999267578125,207.08999633789062,1113600.0,206.9489288330078
2018-01-11,211.36000061035156,207.50999450683594,208.08999633789062,210.88999938964844,1196600.0,210.746337890625
2018-01-12,213.72999572753906,211.8800048828125,212.9600067138672,213.38999938964844,1151300.0,213.24464416503906
2018-01-16,216.33999633789062,213.86000061035156,215.07000732421875,214.75,1442400.0,214.6037139892578
2018-01-17,221.1300048828125,215.14999389648438,215.6999969482422,220.36000061035156,1410600.0,220.2098846435547
2018-01-18,220.4600067138672,218.16000366210938,220.36000061035156,219.66000366210938,1380300.0,219.51039123535156
2018-01-19,221.22999572753906,218.57000732421875,220.66000366210938,220.14999389648438,1363900.0,220.00003051757812
2018-01-22,220.8000030517578,218.67999267578125,220.5,220.75,882200.0,220.59962463378906
2018-01-23,221.11000061035156,218.72000122070312,220.80999755859375,219.7899932861328,821200.0,219.64028930664062
2018-01-24,222.67999267578125,220.2100067138672,221.16000366210938,221.0,718600.0,220.84945678710938
2018-01-25,222.9600067138672,220.0,221.8300018310547,221.8800048828125,760500.0,221.72886657714844
2018-01-26,226.27000427246094,221.4499969482422,221.99000549316406,226.22000122070312,977000.0,226.06591796875
2018-01-29,227.1300048828125,223.77999877929688,225.75999450683594,223.89999389648438,936100.0,223.7474822998047
2018-01-30,215.55999755859375,207.1199951171875,211.58999633789062,207.88999938964844,4717400.0,207.74838256835938
2018-01-31,219.8699951171875,208.33999633789062,214.36000061035156,208.35000610351562,2719900.0,208.2080841064453
2018-02-01,209.63999938964844,198.83999633789062,207.32000732421875,205.00999450683594,2755300.0,204.87034606933594
2018-02-02,209.60000610351562,203.2100067138672,204.1300048828125,204.4600067138672,2158300.0,204.3207244873047
2018-02-05,204.4600067138672,193.19000244140625,203.39999389648438,196.41000366210938,2260100.0,196.27621459960938
2018-02-06,200.0,191.58999633789062,193.02000427246094,197.58999633789062,3059200.0,197.4553985595703
2018-02-07,198.3300018310547,194.3800048828125,196.33999633789062,195.44000244140625,1729000.0,195.30686950683594
2018-02-08,198.11000061035156,189.14999389648438,195.25,189.27000427246094,1637100.0,189.14108276367188
2018-02-09,195.08999633789062,187.13999938964844,192.02000427246094,193.77000427246094,2870300.0,193.6380157470703
2018-02-12,196.77999877929688,192.8800048828125,195.02999877929688,193.55999755859375,945400.0,193.42813110351562
2018-02-13,195.5800018310547,191.07000732421875,192.00999450683594,195.44000244140625,842100.0,195.30686950683594
2018-02-14,196.02000427246094,193.47000122070312,193.9600067138672,195.5500030517578,645400.0,195.4167938232422
2018-02-15,197.30999755859375,190.72000122070312,196.36000061035156,191.94000244140625,1654500.0,191.8092498779297
2018-02-16,195.10000610351562,191.3699951171875,191.9600067138672,193.80999755859375,1019400.0,193.677978515625
2018-02-20,193.4199981689453,190.67999267578125,192.57000732421875,192.60000610351562,919600.0,192.46881103515625
2018-02-21,195.30999755859375,191.61000061035156,192.94000244140625,191.64999389648438,684500.0,191.5194549560547
2018-02-22,194.89999389648438,191.1699981689453,192.8000030517578,191.89999389648438,1105000.0,191.769287109375
2018-02-23,194.8800048828125,192.0500030517578,193.1999969482422,194.7899932861328,1116800.0,194.65731811523438
2018-02-26,196.8300018310547,194.11000061035156,195.27999877929688,195.8800048828125,973300.0,195.74656677246094
2018-02-27,199.08999633789062,195.58999633789062,196.1699981689453,196.85000610351562,1224900.0,196.71591186523438
2018-02-28,198.8300018310547,195.8699951171875,196.7100067138672,195.88999938964844,2302400.0,195.75656127929688
2018-03-01,196.1300048828125,191.69000244140625,195.41000366210938,193.4199981689453,1735900.0,193.2882537841797
2018-03-02,193.69000244140625,191.17999267578125,192.7899932861328,193.05999755859375,884600.0,192.92848205566406
2018-03-05,193.27000427246094,189.63999938964844,191.83999633789062,192.33999633789062,951700.0,192.208984375
2018-03-06,194.30999755859375,190.9600067138672,192.80999755859375,194.1300048828125,1067000.0,193.99777221679688
2018-03-07,194.42999267578125,192.02999877929688,192.5,194.25,1276600.0,194.11767578125
2018-03-08,182.57000732421875,171.05999755859375,182.2100067138672,172.0,17357000.0,171.88282775878906
2018-03-09,174.69000244140625,172.05999755859375,173.10000610351562,173.36000061035156,6222900.0,173.28221130371094
2018-03-12,173.60000610351562,167.0500030517578,173.57000732421875,167.30999755859375,8525200.0,167.23492431640625
2018-03-13,168.0,163.02000427246094,167.52000427246094,164.38999938964844,7182900.0,164.3162384033203
2018-03-14,167.6199951171875,163.60000610351562,164.72000122070312,166.8800048828125,4874000.0,166.80511474609375
2018-03-15,169.5800018310547,166.77000427246094,167.7100067138672,166.89999389648438,4285800.0,166.82510375976562
2018-03-16,169.1699981689453,166.77000427246094,167.8000030517578,168.6699981689453,3912400.0,168.5943145751953
2018-03-19,169.02000427246094,165.47000122070312,168.3800048828125,166.44000244140625,3804300.0,166.3653106689453
2018-03-20,167.25999450683594,164.36000061035156,166.92999267578125,165.0,3868100.0,164.92596435546875
2018-03-21,169.55999755859375,164.30999755859375,165.61000061035156,167.0500030517578,5671900.0,166.9750518798828
2018-03-22,167.4499969482422,164.82000732421875,166.08999633789062,165.33999633789062,4238100.0,165.26580810546875
2018-03-23,166.83999633789062,164.0,165.82000732421875,164.0,3333400.0,163.92640686035156
2018-03-26,168.8699951171875,164.11000061035156,165.00999450683594,168.67999267578125,3101200.0,168.6042938232422
2018-03-27,170.1300048828125,164.27999877929688,169.1199951171875,165.5399932861328,4070200.0,165.46571350097656
2018-03-28,169.63999938964844,165.5,166.25,168.32000732421875,3036700.0,168.24447631835938
2018-03-29,169.38999938964844,167.02000427246094,168.86000061035156,167.74000549316406,2736100.0,167.6647491455078
2018-04-02,169.39999389648438,163.8000030517578,168.85000610351562,164.64999389648438,2757000.0,164.57611083984375
2018-04-03,168.60000610351562,165.25,165.25,167.85000610351562,1697600.0,167.77468872070312
2018-04-04,169.61000061035156,165.5,165.5500030517578,168.7899932861328,2533900.0,168.71426391601562
2018-04-05,169.97999572753906,167.8800048828125,169.6699981689453,169.02999877929688,1434700.0,168.9541473388672
2018-04-06,169.8699951171875,166.72999572753906,168.27999877929688,167.82000732421875,1625300.0,167.7447052001953
2018-04-09,169.89999389648438,167.7899932861328,168.7100067138672,167.94000244140625,1475900.0,167.86463928222656
2018-04-10,170.8000030517578,167.60000610351562,169.72999572753906,169.85000610351562,1759700.0,169.7738037109375
2018-04-11,169.8800048828125,168.16000366210938,168.66000366210938,169.0,1733900.0,168.92416381835938
2018-04-12,171.2100067138672,168.74000549316406,169.75,170.55999755859375,3035600.0,170.48345947265625
2018-04-13,172.52999877929688,170.75999450683594,171.6699981689453,171.64999389648438,2611000.0,171.57296752929688
2018-04-16,175.6999969482422,171.72000122070312,172.22000122070312,175.0800018310547,2200000.0,175.00143432617188
2018-04-17,177.80999755859375,174.27999877929688,176.82000732421875,174.3800048828125,2260000.0,174.3017578125
2018-04-18,175.85000610351562,173.7899932861328,174.60000610351562,175.2100067138672,1566200.0,175.1313934326172
2018-04-19,174.6199951171875,171.47000122070312,174.55999755859375,171.72999572753906,2026700.0,171.65293884277344
2018-04-20,172.5500030517578,169.6300048828125,172.0800018310547,169.94000244140625,2986800.0,169.86373901367188
2018-04-23,173.86000061035156,170.25,170.39999389648438,172.35000610351562,2376200.0,172.27267456054688
2018-04-24,173.44000244140625,170.24000549316406,172.44000244140625,171.2899932861328,2020900.0,171.213134765625
2018-04-25,172.3800048828125,168.86000061035156,171.67999267578125,171.6999969482422,1380200.0,171.62295532226562
2018-04-26,173.0500030517578,170.6999969482422,171.63999938964844,172.14999389648438,1249800.0,172.07275390625
2018-04-27,174.97999572753906,172.17999267578125,172.22999572753906,173.9499969482422,1490600.0,173.8719482421875
2018-04-30,174.75,171.77000427246094,174.0,171.82000732421875,1494700.0,171.74290466308594
2018-05-01,172.97000122070312,170.8000030517578,172.00999450683594,171.07000732421875,1949400.0,170.9932403564453
2018-05-02,173.61000061035156,169.41000366210938,170.6300048828125,172.36000061035156,2184400.0,172.2826690673828
2018-05-03,174.0,166.25,172.72999572753906,172.8800048828125,3118500.0,172.80242919921875
2018-05-04,173.4600067138672,170.19000244140625,172.75,171.1699981689453,1854700.0,171.09320068359375
2018-05-07,172.6699981689453,168.35000610351562,171.5,172.58999633789062,2504500.0,172.51255798339844
2018-05-08,172.25,169.75999450683594,172.25,170.6999969482422,1814600.0,170.62339782714844
2018-05-09,170.77999877929688,168.7899932861328,170.57000732421875,169.5800018310547,2827300.0,169.50390625
2018-05-10,172.11000061035156,167.6699981689453,168.00999450683594,171.05999755859375,1948700.0,170.9832305908203
2018-05-11,174.27000427246094,169.6699981689453,170.5,173.72999572753906,2322900.0,173.6520538330078
2018-05-14,177.60000610351562,173.77000427246094,174.47000122070312,177.5399932861328,2797800.0,177.4603271484375
2018-05-15,177.42999267578125,175.13999938964844,177.17999267578125,176.05999755859375,1374400.0,175.98098754882812
2018-05-16,177.35000610351562,174.8800048828125,176.16000366210938,177.14999389648438,1489400.0,177.0705108642578
2018-05-17,179.99000549316406,176.69000244140625,177.64999389648438,178.91000366210938,1592700.0,178.82972717285156
2018-05-18,179.5800018310547,177.97999572753906,178.86000061035156,178.07000732421875,1064600.0,177.99009704589844
2018-05-21,179.2899932861328,176.85000610351562,179.0,177.4499969482422,1357100.0,177.37037658691406
2018-05-22,178.35000610351562,177.0500030517578,177.66000366210938,177.24000549316406,1262400.0,177.16046142578125
2018-05-23,177.3800048828125,175.14999389648438,176.6999969482422,177.08999633789062,1103600.0,177.01052856445312
2018-05-24,177.3800048828125,174.77999877929688,177.35000610351562,175.85000610351562,1433100.0,175.77110290527344
2018-05-25,176.97999572753906,175.0399932861328,175.97999572753906,175.89999389648438,1292200.0,175.82106018066406
2018-05-29,175.0,171.7100067138672,174.80999755859375,172.5800018310547,1448500.0,172.5025634765625
2018-05-30,173.97000122070312,171.33999633789062,172.60000610351562,173.32000732421875,1390300.0,173.2422332763672
2018-05-31,173.69000244140625,169.11000061035156,173.69000244140625,169.3699951171875,2019500.0,169.2939910888672
2018-06-01,171.08999633789062,169.39999389648438,170.2100067138672,170.82000732421875,1162000.0,170.7433624267578
2018-06-04,171.63999938964844,170.4600067138672,171.24000549316406,171.0,1011400.0,170.9232635498047
2018-06-05,172.6699981689453,170.00999450683594,171.24000549316406,170.8300018310547,1308700.0,170.7533416748047
2018-06-06,175.80999755859375,172.5,174.0,174.92999267578125,2680500.0,174.8514862060547
2018-06-07,177.88999938964844,175.0500030517578,175.22999572753906,177.11000061035156,1460800.0,177.03053283691406
2018-06-08,178.0399932861328,176.08999633789062,177.0500030517578,177.80999755859375,1667200.0,177.73020935058594
2018-06-11,182.10000610351562,177.99000549316406,178.41000366210938,180.9499969482422,1912900.0,180.86880493164062
2018-06-12,181.6199951171875,178.52000427246094,180.5800018310547,178.82000732421875,1500300.0,178.73976135253906
2018-06-13,179.5,174.6300048828125,179.5,176.17999267578125,3729600.0,176.10093688964844
2018-06-14,177.4499969482422,174.5500030517578,176.92999267578125,175.3300018310547,2237100.0,175.25132751464844
2018-06-15,177.0,174.8000030517578,175.66000366210938,175.0500030517578,3593500.0,174.97146606445312
2018-06-18,175.33999633789062,173.13999938964844,174.5399932861328,173.92999267578125,1585500.0,173.85194396972656
2018-06-19,174.39999389648438,172.9199981689453,173.10000610351562,173.36000061035156,2344200.0,173.28221130371094
2018-06-20,176.0399932861328,173.7899932861328,173.7899932861328,175.72000122070312,1420500.0,175.6411590576172
2018-06-21,176.08999633789062,172.63999938964844,175.27999877929688,175.0,1976600.0,174.9214630126953
2018-06-22,176.05999755859375,173.9199981689453,175.4499969482422,174.0800018310547,1867400.0,174.00189208984375
2018-06-25,175.99000549316406,172.35000610351562,174.05999755859375,173.85000610351562,1813900.0,173.77200317382812
2018-06-26,174.22999572753906,172.8000030517578,173.69000244140625,172.9499969482422,1506000.0,172.8723907470703
2018-06-27,174.97999572753906,172.0,172.1199951171875,172.80999755859375,1823500.0,172.73245239257812
2018-06-28,170.0,163.97000122070312,169.97999572753906,169.75999450683594,4021700.0,169.68382263183594
2018-06-29,171.05999755859375,169.89999389648438,170.39999389648438,169.9499969482422,1905900.0,169.8737335205078
2018-07-02,169.47000122070312,166.8800048828125,169.47000122070312,169.02999877929688,1396900.0,168.9541473388672
2018-07-03,170.3699951171875,168.86000061035156,169.2899932861328,170.25,941500.0,170.17359924316406
2018-07-05,172.3000030517578,170.25,171.1699981689453,171.97999572753906,1234200.0,171.90283203125
2018-07-06,172.52000427246094,171.16000366210938,172.0,172.10000610351562,783900.0,172.0227813720703
2018-07-09,174.0500030517578,172.3000030517578,172.52999877929688,173.22000122070312,1151500.0,173.14227294921875
2018-07-10,174.11000061035156,172.58999633789062,173.67999267578125,173.4499969482422,968200.0,173.37216186523438
2018-07-11,173.4499969482422,171.6999969482422,173.0800018310547,171.7899932861328,1474900.0,171.71292114257812
2018-07-12,173.85000610351562,171.10000610351562,172.0800018310547,172.9600067138672,2201700.0,172.8824005126953
2018-07-13,173.74000549316406,172.42999267578125,172.44000244140625,173.08999633789062,700400.0,173.0123291015625
2018-07-16,173.3000030517578,172.27000427246094,173.08999633789062,172.35000610351562,1451600.0,172.27267456054688
2018-07-17,172.02000427246094,167.8300018310547,172.02000427246094,170.7100067138672,2265200.0,170.63340759277344
2018-07-18,179.47999572753906,170.72000122070312,170.80999755859375,177.75,5413500.0,177.6702423095703
2018-07-19,178.7100067138672,174.25,177.92999267578125,175.89999389648438,3488700.0,175.82106018066406
2018-07-20,179.47000122070312,174.3000030517578,174.49000549316406,178.08999633789062,3196800.0,178.0100860595703
2018-07-23,179.2100067138672,177.0,178.22999572753906,177.4199981689453,1676900.0,177.34039306640625
2018-07-24,178.9600067138672,175.8000030517578,177.47000122070312,176.42999267578125,1511500.0,176.35081481933594
2018-07-25,177.5500030517578,173.5399932861328,176.9199981689453,177.5,2717600.0,177.42034912109375
2018-07-26,179.1199951171875,176.67999267578125,178.0800018310547,177.94000244140625,2011700.0,177.8601531982422
2018-07-27,178.0800018310547,176.3000030517578,177.9499969482422,177.25,1277900.0,177.1704559326172
2018-07-30,178.13999938964844,175.6999969482422,177.17999267578125,176.8000030517578,1738500.0,176.72067260742188
2018-07-31,181.66000366210938,177.0,177.61000061035156,179.4199981689453,2848900.0,179.33949279785156
2018-08-01,188.60000610351562,178.57000732421875,179.88999938964844,182.92999267578125,6259600.0,182.847900390625
2018-08-02,189.1999969482422,184.25,185.22999572753906,188.89999389648438,5071800.0,188.8152313232422
2018-08-03,193.3699951171875,188.91000366210938,189.61000061035156,189.25,2852300.0,189.16506958007812
2018-08-06,189.07000732421875,186.44000244140625,188.80999755859375,187.86000061035156,2211900.0,187.7757110595703
2018-08-07,190.35000610351562,187.0,188.91000366210938,188.27000427246094,3638900.0,188.18553161621094
2018-08-08,190.3000030517578,186.02999877929688,188.6699981689453,189.4600067138672,5734000.0,189.375
2018-08-09,190.3000030517578,184.9199981689453,190.02999877929688,185.4199981689453,2981800.0,185.33680725097656
2018-08-10,186.2100067138672,182.13999938964844,183.10000610351562,183.27999877929688,4442000.0,183.19776916503906
2018-08-13,183.82000732421875,180.1300048828125,183.39999389648438,181.75999450683594,2085300.0,181.67843627929688
2018-08-14,185.55999755859375,181.27000427246094,181.27000427246094,185.3000030517578,4180600.0,185.2168426513672
2018-08-15,186.41000366210938,183.1199951171875,185.0,185.47999572753906,2922200.0,185.3967742919922
2018-08-16,188.61000061035156,185.57000732421875,185.86000061035156,188.19000244140625,2625000.0,188.10556030273438
2018-08-17,189.3800048828125,187.3800048828125,189.1300048828125,188.33999633789062,1805700.0,188.2554931640625
2018-08-20,189.3000030517578,187.47000122070312,188.97000122070312,187.88999938964844,2449200.0,187.80569458007812
2018-08-21,187.5500030517578,185.75,187.33999633789062,186.0500030517578,2626400.0,185.9665069580078
2018-08-22,187.08999633789062,183.77999877929688,185.39999389648438,186.36000061035156,2227300.0,186.27638244628906
2018-08-23,187.07000732421875,185.05999755859375,186.44000244140625,185.8000030517578,1494200.0,185.7166290283203
2018-08-24,186.8699951171875,184.94000244140625,185.86000061035156,185.72000122070312,2266800.0,185.6366729736328
2018-08-27,187.99000549316406,185.85000610351562,186.0,187.0,1665000.0,186.9160919189453
2018-08-28,188.3800048828125,186.10000610351562,187.72000122070312,187.9600067138672,1821800.0,187.87567138671875
2018-08-29,190.9499969482422,187.99000549316406,188.30999755859375,190.4600067138672,2502500.0,190.37454223632812
2018-08-30,191.24000549316406,189.58999633789062,190.42999267578125,189.8000030517578,2245400.0,189.71482849121094
2018-08-31,189.57000732421875,187.75999450683594,189.22000122070312,188.33999633789062,1809200.0,188.2554931640625
2018-09-04,188.57000732421875,185.5800018310547,187.49000549316406,186.07000732421875,2098100.0,185.98651123046875
2018-09-05,186.85000610351562,181.77999877929688,186.13999938964844,184.92999267578125,3997300.0,184.8470001220703
2018-09-06,185.6199951171875,181.91000366210938,184.47999572753906,185.17999267578125,2712400.0,185.09689331054688
2018-09-07,189.14999389648438,185.30999755859375,185.55999755859375,188.58999633789062,2255000.0,188.50537109375
2018-09-10,189.7100067138672,186.25999450683594,188.60000610351562,186.36000061035156,1828300.0,186.27638244628906
2018-09-11,186.0,183.0,186.0,184.8699951171875,1603600.0,184.7870330810547
2018-09-12,187.35000610351562,183.82000732421875,185.07000732421875,186.88999938964844,1982500.0,186.80613708496094
2018-09-13,193.41000366210938,186.8800048828125,187.6300048828125,193.2100067138672,2989200.0,193.12330627441406
2018-09-14,195.67999267578125,192.86000061035156,193.57000732421875,195.11000061035156,2357700.0,195.02244567871094
2018-09-17,201.69000244140625,194.82000732421875,196.5,197.83999633789062,6532300.0,197.751220703125
2018-09-18,201.5500030517578,196.0,198.08999633789062,200.07000732421875,4442100.0,199.980224609375
2018-09-19,201.72000122070312,197.91000366210938,200.4199981689453,199.19000244140625,2835800.0,199.10061645507812
2018-09-20,201.63999938964844,200.16000366210938,200.2100067138672,201.3300018310547,2499900.0,201.2396697998047
2018-09-21,203.05999755859375,197.41000366210938,202.13999938964844,202.22999572753906,3695700.0,202.13926696777344
2018-09-24,203.66000366210938,200.57000732421875,200.9199981689453,203.24000549316406,2839400.0,203.1488037109375
2018-09-25,203.2899932861328,199.8000030517578,203.0500030517578,201.5,3064000.0,201.40957641601562
2018-09-26,204.0,200.82000732421875,202.10000610351562,202.42999267578125,2256500.0,202.3391571044922
2018-09-27,206.6300048828125,202.9600067138672,203.36000061035156,206.35000610351562,2573900.0,206.25741577148438
2018-09-28,208.72999572753906,204.22000122070312,205.02999877929688,208.25,3330600.0,208.15655517578125
2018-10-01,211.97999572753906,208.5500030517578,209.22000122070312,210.92999267578125,2407300.0,210.83534240722656
2018-10-02,211.6199951171875,209.85000610351562,211.0,210.58999633789062,2269600.0,210.49549865722656
2018-10-03,213.5800018310547,210.3800048828125,213.00999450683594,212.3300018310547,2100400.0,212.23472595214844
2018-10-04,213.4199981689453,210.97000122070312,212.39999389648438,212.6199951171875,2321600.0,212.5245819091797
2018-10-05,216.0,212.80999755859375,213.0,215.72000122070312,2401500.0,215.6232147216797
2018-10-08,215.4600067138672,210.02000427246094,214.7899932861328,212.89999389648438,2701200.0,212.80447387695312
2018-10-09,215.27999877929688,211.52000427246094,212.0,214.0399932861328,1764000.0,213.94395446777344
2018-10-10,215.36000061035156,209.7100067138672,213.82000732421875,209.97000122070312,2564400.0,209.87579345703125
2018-10-11,210.77000427246094,202.72999572753906,209.58999633789062,206.0,3605400.0,205.90756225585938
2018-10-12,209.83999633789062,205.99000549316406,207.75999450683594,207.08999633789062,2621600.0,206.9970703125
2018-10-15,207.07000732421875,203.8300018310547,205.80999755859375,203.9199981689453,1791200.0,203.8284912109375
2018-10-16,212.47000122070312,206.38999938964844,206.83999633789062,211.9600067138672,2788200.0,211.86489868164062
2018-10-17,212.2100067138672,209.2100067138672,211.19000244140625,211.1999969482422,1456700.0,211.105224609375
2018-10-18,213.0800018310547,209.07000732421875,211.35000610351562,212.74000549316406,1875100.0,212.64454650878906
2018-10-19,214.91000366210938,209.0,213.6999969482422,210.0,2055300.0,209.90576171875
2018-10-22,211.4499969482422,207.39999389648438,209.77999877929688,208.8000030517578,1396000.0,208.706298828125
2018-10-23,211.0800018310547,205.02000427246094,206.1699981689453,210.33999633789062,1844000.0,210.24562072753906
2018-10-24,210.92999267578125,201.58999633789062,209.77000427246094,201.9199981689453,2877700.0,201.8293914794922
2018-10-25,211.9199981689453,201.22999572753906,202.61000061035156,210.3699951171875,3653800.0,210.2755889892578
2018-10-26,208.3699951171875,204.0800018310547,208.14999389648438,206.69000244140625,2859000.0,206.59725952148438
2018-10-29,214.0,204.0500030517578,208.42999267578125,206.8699951171875,1988100.0,206.77716064453125
2018-10-30,210.64999389648438,206.27000427246094,207.89999389648438,210.25999450683594,1994000.0,210.1656494140625
2018-10-31,214.4499969482422,209.27999877929688,212.0,213.80999755859375,2817300.0,213.71405029296875
2018-11-01,222.72000122070312,212.13999938964844,219.00999450683594,216.27999877929688,4115300.0,216.18295288085938
2018-11-02,218.0,212.07000732421875,216.75999450683594,213.1300048828125,2281300.0,213.03436279296875
2018-11-05,216.5800018310547,213.33999633789062,214.0,215.5,1355300.0,215.40330505371094
2018-11-06,215.9600067138672,213.47999572753906,215.0500030517578,214.24000549316406,2136800.0,214.1438751220703
2018-11-07,222.25,218.0,218.0,220.2899932861328,3238600.0,220.19113159179688
2018-11-08,221.19000244140625,219.32000732421875,220.60000610351562,220.49000549316406,3756800.0,220.3910675048828
2018-11-09,220.99000549316406,216.77000427246094,220.6699981689453,217.64999389648438,1794800.0,217.55233764648438
2018-11-12,219.16000366210938,216.4499969482422,217.0800018310547,217.4199981689453,1983700.0,217.3224334716797
2018-11-13,218.3699951171875,212.25999450683594,217.42999267578125,213.0500030517578,2883400.0,212.9543914794922
2018-11-14,214.66000366210938,210.9199981689453,213.55999755859375,212.35000610351562,2754400.0,212.25473022460938
2018-11-15,213.44000244140625,208.61000061035156,211.57000732421875,212.8000030517578,2405100.0,212.7045135498047
2018-11-16,215.11000061035156,212.38999938964844,213.2100067138672,213.72000122070312,1797000.0,213.62411499023438
2018-11-19,215.83999633789062,209.47000122070312,215.83999633789062,211.19000244140625,1397500.0,211.09523010253906
2018-11-20,211.8300018310547,207.24000549316406,211.22999572753906,207.77999877929688,1800500.0,207.686767578125
2018-11-21,211.9600067138672,207.24000549316406,207.24000549316406,209.7100067138672,1839000.0,209.61590576171875
2018-11-23,213.16000366210938,207.19000244140625,208.83999633789062,211.16000366210938,535400.0,211.0652618408203
2018-11-26,218.3800048828125,211.52999877929688,213.1199951171875,216.27999877929688,2187800.0,216.18295288085938
2018-11-27,217.24000549316406,214.22000122070312,215.85000610351562,216.8000030517578,2278500.0,216.7027130126953
2018-11-28,222.52000427246094,215.47000122070312,216.5800018310547,221.72000122070312,2605500.0,221.62051391601562
2018-11-29,223.8300018310547,218.92999267578125,220.5,222.52000427246094,1890000.0,222.420166015625
2018-11-30,223.9600067138672,219.92999267578125,223.19000244140625,223.3800048828125,2440900.0,223.27976989746094
2018-12-03,226.61000061035156,220.7899932861328,224.82000732421875,224.83999633789062,2704100.0,224.73910522460938
2018-12-04,226.19000244140625,217.2899932861328,225.4499969482422,217.83999633789062,2547900.0,217.74224853515625
2018-12-06,216.77999877929688,206.61000061035156,216.0399932861328,214.2899932861328,2854700.0,214.19384765625
2018-12-07,215.11000061035156,204.27000427246094,213.38999938964844,206.11000061035156,2556400.0,206.01751708984375
2018-12-10,207.47000122070312,199.52999877929688,206.6300048828125,206.0800018310547,2017900.0,205.98753356933594
2018-12-11,210.1199951171875,204.05999755859375,207.72999572753906,205.94000244140625,1332300.0,205.84759521484375
2018-12-12,211.1999969482422,207.41000366210938,208.52999877929688,207.69000244140625,2026600.0,207.5968017578125
2018-12-13,213.7100067138672,207.35000610351562,210.02000427246094,211.9499969482422,3082200.0,211.85488891601562
2018-12-14,211.5800018310547,202.66000366210938,210.83999633789062,205.3699951171875,3632200.0,205.27783203125
2018-12-17,202.8699951171875,197.5500030517578,201.0,198.66000366210938,3935100.0,198.57086181640625
2018-12-18,202.38999938964844,190.32000732421875,201.52000427246094,192.05999755859375,3720100.0,191.97381591796875
2018-12-19,201.1300048828125,190.6999969482422,192.0399932861328,193.3000030517578,4751800.0,193.2132568359375
2018-12-20,194.80999755859375,178.3000030517578,194.80999755859375,179.8000030517578,8708800.0,179.7193145751953
2018-12-21,187.25999450683594,177.11000061035156,178.5399932861328,181.3000030517578,7237700.0,181.21864318847656
2018-12-24,181.42999267578125,176.52000427246094,180.5,178.00999450683594,2589000.0,177.93011474609375
2018-12-26,187.89999389648438,177.19000244140625,179.74000549316406,187.6300048828125,5037100.0,187.54580688476562
2018-12-27,192.7899932861328,183.38999938964844,185.75,192.7899932861328,4623600.0,192.7034912109375
2018-12-28,194.2100067138672,188.74000549316406,192.94000244140625,190.64999389648438,2820300.0,190.564453125
2018-12-31,191.92999267578125,188.00999450683594,191.07000732421875,189.9199981689453,2871000.0,189.8347930908203
2019-01-02,188.9499969482422,184.3000030517578,187.69000244140625,187.1699981689453,3478200.0,187.0860137939453
2019-01-03,188.75,184.50999450683594,186.0,185.57000732421875,3614700.0,185.4867401123047
2019-01-04,191.1300048828125,185.3000030517578,186.88999938964844,188.69000244140625,2936200.0,188.60533142089844
2019-01-07,189.69000244140625,186.27999877929688,188.60000610351562,186.5,2340700.0,186.4163055419922
2019-01-08,190.27000427246094,185.00999450683594,187.52000427246094,189.92999267578125,3097300.0,189.84475708007812
2019-01-09,191.07000732421875,187.08999633789062,191.07000732421875,190.35000610351562,4118500.0,190.2646026611328
2019-01-10,191.9499969482422,188.2100067138672,190.1300048828125,191.77999877929688,2646300.0,191.69395446777344
2019-01-11,194.8300018310547,189.5500030517578,189.86000061035156,194.66000366210938,3923700.0,194.57266235351562
2019-01-14,194.58999633789062,191.67999267578125,193.67999267578125,192.0500030517578,2489900.0,191.9638214111328
2019-01-15,197.3300018310547,191.85000610351562,192.33999633789062,196.5500030517578,2946000.0,196.46180725097656
2019-01-16,198.38999938964844,195.8300018310547,196.38999938964844,196.72999572753906,2911000.0,196.6417236328125
2019-01-17,196.72000122070312,193.08999633789062,195.41000366210938,194.5,2536700.0,194.4127197265625
2019-01-18,197.97999572753906,194.6199951171875,196.4499969482422,194.8300018310547,2521400.0,194.74258422851562
2019-01-22,195.42999267578125,192.5,193.63999938964844,193.0800018310547,3701000.0,192.9933624267578
2019-01-23,197.7100067138672,193.9499969482422,194.5,196.9199981689453,2241600.0,196.83164978027344
2019-01-24,197.42999267578125,193.0399932861328,196.38999938964844,193.07000732421875,1923200.0,192.98336791992188
2019-01-25,196.8699951171875,194.52999877929688,194.94000244140625,196.27999877929688,1988700.0,196.19192504882812
2019-01-28,195.83999633789062,193.11000061035156,195.55999755859375,195.0800018310547,1510100.0,194.99246215820312
2019-01-29,198.47999572753906,194.2899932861328,194.50999450683594,198.38999938964844,1575300.0,198.3009796142578
2019-01-30,200.27999877929688,195.27000427246094,199.25,199.8000030517578,2719500.0,199.71034240722656
2019-01-31,202.0500030517578,198.86000061035156,199.47999572753906,199.80999755859375,2894900.0,199.7203369140625
2019-02-01,199.3800048828125,188.61000061035156,195.0,194.05999755859375,5566700.0,193.97291564941406
2019-02-04,193.3800048828125,189.52999877929688,192.3300018310547,192.07000732421875,3346300.0,191.98382568359375
2019-02-05,193.2899932861328,186.00999450683594,192.72999572753906,186.4499969482422,4061100.0,186.3663330078125
2019-02-06,188.0,185.22000122070312,185.89999389648438,187.47999572753906,2268200.0,187.3958740234375
2019-02-07,186.80999755859375,183.60000610351562,185.8800048828125,185.9600067138672,2349200.0,185.87657165527344
2019-02-08,185.60000610351562,180.5,185.3300018310547,181.3699951171875,3036100.0,181.28860473632812
2019-02-11,183.02999877929688,180.8800048828125,181.61000061035156,182.88999938964844,3930300.0,182.8079376220703
2019-02-12,186.32000732421875,182.22000122070312,183.55999755859375,185.1199951171875,2836900.0,185.03692626953125
2019-02-13,189.35000610351562,185.25,185.47999572753906,188.8000030517578,2392100.0,188.7152862548828
2019-02-14,192.32000732421875,187.2899932861328,188.4499969482422,192.22000122070312,2363100.0,192.13375854492188
2019-02-15,198.1300048828125,193.00999450683594,193.85000610351562,197.8699951171875,2842700.0,197.7812042236328
2019-02-19,199.1300048828125,196.0399932861328,197.74000549316406,198.27999877929688,3208200.0,198.19102478027344
2019-02-20,197.89999389648438,193.6699981689453,197.74000549316406,194.1199951171875,3195800.0,194.0328826904297
2019-02-21,194.99000549316406,190.6300048828125,194.0,191.8699951171875,1601100.0,191.7838897705078
2019-02-22,194.3800048828125,190.13999938964844,192.02000427246094,193.77000427246094,1734100.0,193.6830596923828
2019-02-25,195.5399932861328,191.1699981689453,194.55999755859375,191.6199951171875,1886400.0,191.5340118408203
2019-02-26,191.6199951171875,188.0500030517578,191.6199951171875,188.14999389648438,1948200.0,188.06556701660156
2019-02-27,187.3800048828125,179.5,186.9499969482422,180.72000122070312,4645600.0,180.638916015625
2019-02-28,180.97000122070312,173.24000549316406,180.0800018310547,174.44000244140625,5918900.0,174.36172485351562
2019-03-01,180.33999633789062,175.3699951171875,176.0,178.25,3150400.0,178.17001342773438
2019-03-04,179.99000549316406,170.92999267578125,178.97999572753906,171.67999267578125,3045900.0,171.6029510498047
2019-03-05,172.63999938964844,168.22999572753906,171.91000366210938,170.11000061035156,3938100.0,170.03367614746094
2019-03-06,169.91000366210938,164.52999877929688,169.82000732421875,164.91000366210938,2440600.0,164.8360137939453
2019-03-07,165.97000122070312,162.4199981689453,165.11000061035156,163.80999755859375,3355900.0,163.73648071289062
2019-03-08,165.75999450683594,162.5500030517578,162.9499969482422,163.13999938964844,2011700.0,163.10662841796875
2019-03-11,164.97000122070312,162.44000244140625,163.30999755859375,163.6300048828125,2090800.0,163.59652709960938
2019-03-12,166.85000610351562,164.0500030517578,164.47000122070312,164.3000030517578,1997800.0,164.26638793945312
2019-03-13,169.60000610351562,164.9499969482422,165.47999572753906,168.0,2659900.0,167.96563720703125
2019-03-14,171.0800018310547,168.30999755859375,168.83999633789062,169.55999755859375,3755200.0,169.5253143310547
2019-03-15,170.60000610351562,166.22999572753906,169.5,166.4499969482422,3753100.0,166.41595458984375
2019-03-18,167.97000122070312,166.4499969482422,166.5500030517578,167.11000061035156,1696400.0,167.07582092285156
2019-03-19,173.41000366210938,167.4600067138672,167.8800048828125,172.77999877929688,3452200.0,172.74465942382812
2019-03-20,173.4199981689453,167.6699981689453,172.1999969482422,167.8699951171875,2314700.0,167.8356475830078
2019-03-21,169.7100067138672,167.0,167.0,168.8699951171875,1625000.0,168.83544921875
2019-03-22,168.6300048828125,165.22999572753906,168.25999450683594,166.08999633789062,1595600.0,166.05601501464844
2019-03-25,165.3800048828125,162.4499969482422,165.3800048828125,163.77000427246094,1654400.0,163.7364959716797
2019-03-26,164.57000732421875,159.91000366210938,164.38999938964844,160.74000549316406,2614000.0,160.70712280273438
2019-03-27,161.77000427246094,158.5800018310547,160.4499969482422,159.7899932861328,1949800.0,159.75730895996094
2019-03-28,161.0399932861328,158.7899932861328,159.7899932861328,159.69000244140625,1682700.0,159.65733337402344
2019-03-29,161.7899932861328,158.7100067138672,160.0800018310547,160.82000732421875,3332000.0,160.787109375
2019-04-01,163.08999633789062,160.44000244140625,162.6199951171875,161.8699951171875,1894500.0,161.83688354492188
2019-04-02,162.49000549316406,158.52999877929688,162.4499969482422,158.6199951171875,2712800.0,158.58755493164062
2019-04-03,161.22999572753906,158.0,159.25,159.0,2286400.0,158.96746826171875
2019-04-04,161.66000366210938,158.36000061035156,159.0,161.47999572753906,1703700.0,161.44696044921875
2019-04-05,167.4499969482422,162.3800048828125,162.64999389648438,166.1300048828125,3692900.0,166.0960235595703
2019-04-08,167.52999877929688,164.64999389648438,166.1699981689453,167.39999389648438,2385400.0,167.36575317382812
2019-04-09,170.88999938964844,165.17999267578125,166.4600067138672,169.1300048828125,2742600.0,169.0954132080078
2019-04-10,169.69000244140625,166.88999938964844,168.44000244140625,168.1999969482422,2082300.0,168.16558837890625
2019-04-11,168.3800048828125,162.36000061035156,168.3000030517578,164.00999450683594,3368000.0,163.9764404296875
2019-04-12,165.0,159.72999572753906,164.94000244140625,160.60000610351562,3592700.0,160.56715393066406
2019-04-15,165.50999450683594,160.16000366210938,161.69000244140625,163.82000732421875,2669700.0,163.7864990234375
2019-04-16,167.25999450683594,150.50999450683594,166.6999969482422,151.0399932861328,6383100.0,151.00909423828125
2019-04-17,151.75999450683594,141.9499969482422,151.11000061035156,145.49000549316406,8670300.0,145.4602508544922
2019-04-18,149.0500030517578,144.24000549316406,145.9499969482422,149.0,5347700.0,148.96951293945312
2019-04-22,151.72000122070312,147.74000549316406,149.50999450683594,147.99000549316406,2654200.0,147.95973205566406
2019-04-23,155.7899932861328,148.6999969482422,148.77000427246094,153.82000732421875,4360000.0,153.78854370117188
2019-04-24,154.44000244140625,151.52999877929688,153.3800048828125,154.22000122070312,1821200.0,154.18844604492188
2019-04-25,157.72000122070312,152.1300048828125,153.24000549316406,156.80999755859375,2290900.0,156.77792358398438
2019-04-26,161.16000366210938,157.02999877929688,157.11000061035156,160.94000244140625,2343900.0,160.90707397460938
2019-04-29,161.3800048828125,158.30999755859375,160.94000244140625,160.6699981689453,1795300.0,160.6371307373047
2019-04-30,161.1699981689453,156.14999389648438,161.14999389648438,158.83999633789062,3430200.0,158.80751037597656
2019-05-01,162.8300018310547,158.2899932861328,158.9199981689453,162.0,3204400.0,161.96685791015625
2019-05-02,163.99000549316406,152.5,163.77999877929688,158.22000122070312,4885300.0,158.18763732910156
2019-05-03,158.74000549316406,149.80999755859375,158.1699981689453,152.8300018310547,5762400.0,152.79873657226562
2019-05-06,159.35000610351562,150.25,151.16000366210938,158.8000030517578,3249500.0,158.76751708984375
2019-05-07,158.89999389648438,153.2100067138672,157.60000610351562,155.16000366210938,2350500.0,155.12826538085938
2019-05-08,157.8000030517578,153.42999267578125,154.99000549316406,156.50999450683594,1800900.0,156.4779815673828
2019-05-09,157.3699951171875,154.00999450683594,154.83999633789062,155.86000061035156,1682200.0,155.828125
2019-05-10,158.6699981689453,153.42999267578125,156.13999938964844,158.44000244140625,2195600.0,158.4075927734375
2019-05-13,157.66000366210938,154.1699981689453,155.4600067138672,157.32000732421875,2341000.0,157.28782653808594
2019-05-14,158.6999969482422,155.25,157.32000732421875,155.2899932861328,2778500.0,155.2582244873047
2019-05-15,155.99000549316406,151.22000122070312,155.14999389648438,155.27000427246094,2094100.0,155.2382354736328
2019-05-16,158.0399932861328,153.38999938964844,155.00999450683594,153.7899932861328,2208700.0,153.75852966308594
2019-05-17,157.0,153.1300048828125,153.3800048828125,154.86000061035156,1558400.0,154.8283233642578
2019-05-20,155.8300018310547,152.8000030517578,154.0,153.6699981689453,2028800.0,153.63856506347656
2019-05-21,156.22999572753906,152.94000244140625,154.19000244140625,154.66000366210938,2979600.0,154.6283721923828
2019-05-22,154.97000122070312,150.8800048828125,154.97000122070312,152.8300018310547,2531000.0,152.79873657226562
2019-05-23,152.39999389648438,149.00999450683594,151.35000610351562,150.00999450683594,2370600.0,149.97930908203125
2019-05-24,150.8300018310547,148.75,150.33999633789062,149.47999572753906,2269700.0,149.4494171142578
2019-05-28,150.22999572753906,146.25999450683594,149.22000122070312,146.49000549316406,4552300.0,146.4600372314453
2019-05-29,148.9600067138672,144.42999267578125,145.92999267578125,148.41000366210938,2054400.0,148.379638671875
2019-05-30,149.6699981689453,147.0,148.2100067138672,147.99000549316406,1291500.0,147.95973205566406
2019-05-31,148.3800048828125,145.00999450683594,146.88999938964844,148.02000427246094,2375600.0,147.98973083496094
2019-06-03,151.25,147.5,147.61000061035156,150.41000366210938,2479200.0,150.37924194335938
2019-06-04,154.7899932861328,151.42999267578125,151.88999938964844,154.0500030517578,2251100.0,154.01849365234375
2019-06-05,155.3800048828125,152.13999938964844,155.3800048828125,153.80999755859375,2194000.0,153.77853393554688
2019-06-06,154.66000366210938,153.1199951171875,153.6999969482422,153.72000122070312,1300600.0,153.6885528564453
2019-06-07,158.0,153.92999267578125,154.44000244140625,157.47000122070312,1862400.0,157.4377899169922
2019-06-10,158.47999572753906,156.3300018310547,157.8699951171875,156.5500030517578,1465300.0,156.51797485351562
2019-06-11,158.3800048828125,156.05999755859375,156.89999389648438,156.36000061035156,1263300.0,156.32801818847656
2019-06-12,156.42999267578125,154.60000610351562,155.8000030517578,156.07000732421875,1242000.0,156.0380859375
2019-06-13,158.1999969482422,155.52000427246094,156.50999450683594,158.11000061035156,952000.0,158.07765197753906
2019-06-14,159.91000366210938,156.69000244140625,158.33999633789062,158.41000366210938,1473600.0,158.37759399414062
2019-06-17,159.6699981689453,158.02999877929688,158.4600067138672,159.11000061035156,979000.0,159.07745361328125
2019-06-18,161.07000732421875,158.6999969482422,160.0,159.83999633789062,1561800.0,159.8072967529297
2019-06-19,161.6999969482422,157.97000122070312,160.0,160.1999969482422,2386500.0,160.16722106933594
2019-06-20,160.82000732421875,158.75999450683594,160.6199951171875,159.75,1546400.0,159.71731567382812
2019-06-21,162.61000061035156,158.6199951171875,160.27999877929688,161.14999389648438,3055000.0,161.11703491210938
2019-06-24,161.0,159.00999450683594,161.0,160.4600067138672,1404400.0,160.42718505859375
2019-06-25,160.82000732421875,158.83999633789062,159.55999755859375,160.0800018310547,1245800.0,160.04725646972656
2019-06-26,160.63999938964844,156.3699951171875,160.25,156.91000366210938,1530400.0,156.87789916992188
2019-06-27,158.7100067138672,156.36000061035156,157.27999877929688,157.88999938964844,1362300.0,157.85769653320312
2019-06-28,159.13999938964844,156.50999450683594,158.0500030517578,157.5500030517578,3249500.0,157.5177764892578
2019-07-01,159.83999633789062,157.91000366210938,158.9199981689453,158.75,1715000.0,158.717529296875
2019-07-02,161.83999633789062,157.32000732421875,158.9199981689453,161.80999755859375,1738000.0,161.7769012451172
2019-07-03,165.94000244140625,162.0,162.32000732421875,164.8300018310547,1159500.0,164.79627990722656
2019-07-05,165.1999969482422,162.83999633789062,164.02000427246094,163.44000244140625,862800.0,163.4065704345703
2019-07-08,163.4499969482422,160.16000366210938,163.25,161.72999572753906,1202300.0,161.69691467285156
2019-07-09,161.32000732421875,159.4499969482422,160.19000244140625,159.72999572753906,1007100.0,159.69732666015625
2019-07-10,161.2899932861328,159.3000030517578,159.92999267578125,160.50999450683594,948600.0,160.47715759277344
2019-07-11,185.77000427246094,173.0,179.52999877929688,175.33999633789062,10064800.0,175.3041229248047
2019-07-12,179.6999969482422,174.25,174.89999389648438,179.2100067138672,3821800.0,179.17333984375
2019-07-15,179.82000732421875,176.36000061035156,179.0500030517578,177.02999877929688,1806300.0,176.99378967285156
2019-07-16,182.1199951171875,176.66000366210938,177.5399932861328,179.9600067138672,3057700.0,179.92318725585938
2019-07-17,181.85000610351562,178.05999755859375,178.41000366210938,178.47999572753906,1529700.0,178.4434814453125
2019-07-18,179.32000732421875,174.3000030517578,177.7899932861328,176.94000244140625,1719600.0,176.90380859375
2019-07-19,177.60000610351562,173.47999572753906,177.60000610351562,173.69000244140625,1120800.0,173.6544647216797
2019-07-22,173.77999877929688,170.4600067138672,173.77999877929688,170.61000061035156,1687000.0,170.57510375976562
2019-07-23,172.9600067138672,168.66000366210938,170.47999572753906,172.10000610351562,1642800.0,172.06480407714844
2019-07-24,171.5399932861328,165.50999450683594,170.89999389648438,171.27999877929688,1817100.0,171.24496459960938
2019-07-25,170.88999938964844,166.10000610351562,170.72000122070312,166.5500030517578,2040700.0,166.51593017578125
2019-07-26,167.6300048828125,165.94000244140625,167.4199981689453,167.3000030517578,1801700.0,167.26577758789062
2019-07-29,172.49000549316406,166.77999877929688,166.77999877929688,172.24000549316406,1563400.0,172.20477294921875
2019-07-30,172.44000244140625,169.17999267578125,170.57000732421875,172.25,878900.0,172.2147674560547
2019-07-31,173.66000366210938,169.27000427246094,173.5399932861328,169.9199981689453,2017300.0,169.88523864746094
2019-08-01,173.00999450683594,165.0500030517578,170.0399932861328,167.55999755859375,3175900.0,167.52572631835938
2019-08-02,169.14999389648438,162.33999633789062,167.8699951171875,164.5800018310547,1905900.0,164.5463409423828
2019-08-05,163.27999877929688,157.1300048828125,162.36000061035156,159.0,2570500.0,158.96746826171875
2019-08-06,164.42999267578125,159.58999633789062,163.0,163.72000122070312,3088100.0,163.68650817871094
2019-08-07,166.8300018310547,160.3800048828125,161.57000732421875,166.47999572753906,1806300.0,166.44593811035156
2019-08-08,167.99000549316406,164.8800048828125,166.6199951171875,166.60000610351562,1590900.0,166.56593322753906
2019-08-09,170.83999633789062,166.32000732421875,166.50999450683594,169.89999389648438,1664900.0,169.865234375
2019-08-12,169.64999389648438,165.0399932861328,168.3800048828125,165.61000061035156,1244200.0,165.5761260986328
2019-08-13,170.08999633789062,165.61000061035156,165.61000061035156,169.47000122070312,1321900.0,169.43533325195312
2019-08-14,166.86000061035156,160.0399932861328,166.60000610351562,160.17999267578125,2839100.0,160.14723205566406
2019-08-15,161.2100067138672,157.1300048828125,161.02000427246094,159.6999969482422,1743200.0,159.66732788085938
2019-08-16,163.1699981689453,157.1300048828125,160.3300018310547,161.24000549316406,1453000.0,161.20701599121094
2019-08-19,164.77999877929688,162.72999572753906,163.0500030517578,162.97999572753906,1265400.0,162.9466552734375
2019-08-20,164.02999877929688,160.6999969482422,162.55999755859375,161.14999389648438,1250500.0,161.11703491210938
2019-08-21,164.0500030517578,161.57000732421875,162.64999389648438,162.33999633789062,1263600.0,162.30679321289062
2019-08-22,162.39999389648438,155.41000366210938,162.39999389648438,155.77999877929688,2060100.0,155.74813842773438
2019-08-23,157.0800018310547,152.2899932861328,155.0,153.3000030517578,2201800.0,153.26864624023438
2019-08-26,154.50999450683594,152.1999969482422,154.22999572753906,152.91000366210938,1529200.0,152.87872314453125
2019-08-27,153.5399932861328,146.22999572753906,153.19000244140625,146.27000427246094,2794300.0,146.24008178710938
2019-08-28,149.3800048828125,145.50999450683594,146.27999877929688,147.4499969482422,2343300.0,147.41983032226562
2019-08-29,152.8300018310547,148.9199981689453,149.08999633789062,152.5,2045200.0,152.46881103515625
2019-08-30,155.3699951171875,152.5399932861328,153.3000030517578,153.97000122070312,1553500.0,153.93850708007812
2019-09-03,155.3300018310547,152.1199951171875,152.82000732421875,154.99000549316406,2994000.0,154.9582977294922
2019-09-04,157.5800018310547,152.5399932861328,156.44000244140625,152.94000244140625,1915700.0,152.90872192382812
2019-09-05,154.88999938964844,150.94000244140625,154.88999938964844,151.0,2092900.0,150.9691162109375
2019-09-06,154.72000122070312,150.0,150.86000061035156,153.8000030517578,2031300.0,153.76853942871094
2019-09-09,162.58999633789062,154.64999389648438,155.1699981689453,162.16000366210938,2945400.0,162.1268310546875
2019-09-10,166.9600067138672,160.27000427246094,162.38999938964844,164.99000549316406,2936500.0,164.9562530517578
2019-09-11,165.4600067138672,160.19000244140625,164.4199981689453,161.88999938964844,2194500.0,161.8568878173828
2019-09-12,165.27999877929688,158.75,165.1300048828125,158.97999572753906,3362700.0,158.94747924804688
2019-09-13,162.99000549316406,159.5500030517578,160.10000610351562,160.85000610351562,2194900.0,160.81710815429688
2019-09-16,165.6199951171875,159.97999572753906,159.97999572753906,165.5,1558600.0,165.4661407470703
2019-09-17,165.75999450683594,160.7899932861328,164.08999633789062,161.5,1620000.0,161.4669647216797
2019-09-18,161.9600067138672,159.3800048828125,160.52999877929688,160.44000244140625,1563100.0,160.4071807861328
2019-09-19,166.6999969482422,160.58999633789062,161.02000427246094,164.7100067138672,2006900.0,164.6763153076172
2019-09-20,166.72000122070312,161.32000732421875,165.5399932861328,161.3800048828125,2695700.0,161.34698486328125
2019-09-23,161.39999389648438,159.69000244140625,160.57000732421875,160.14999389648438,2112500.0,160.1172332763672
2019-09-24,161.61000061035156,156.72999572753906,160.7899932861328,157.91000366210938,1842600.0,157.87770080566406
2019-09-25,158.4600067138672,154.91000366210938,157.4600067138672,155.22000122070312,1689600.0,155.18824768066406
2019-09-26,156.3000030517578,149.4600067138672,155.91000366210938,149.7899932861328,3523500.0,149.7593536376953
2019-09-27,152.0399932861328,148.1300048828125,150.61000061035156,149.47999572753906,2463900.0,149.4494171142578
2019-09-30,152.88999938964844,148.22999572753906,150.52999877929688,151.7899932861328,1993700.0,151.75894165039062
2019-10-01,153.10000610351562,147.9199981689453,152.9600067138672,150.42999267578125,2231800.0,150.3992156982422
2019-10-02,152.0500030517578,148.41000366210938,149.2100067138672,149.24000549316406,2563800.0,149.20947265625
2019-10-03,150.0399932861328,147.80999755859375,149.02000427246094,148.61000061035156,2010100.0,148.57960510253906
2019-10-04,151.25999450683594,148.0,148.3699951171875,150.74000549316406,2097400.0,150.70916748046875
2019-10-07,151.85000610351562,149.14999389648438,150.58999633789062,149.1999969482422,2216600.0,149.1694793701172
2019-10-08,148.77999877929688,146.5,147.97999572753906,147.19000244140625,1854900.0,147.15989685058594
2019-10-09,149.99000549316406,147.38999938964844,148.38999938964844,149.58999633789062,1796900.0,149.5594024658203
2019-10-10,152.4600067138672,148.5500030517578,149.10000610351562,150.8300018310547,2215600.0,150.7991485595703
2019-10-11,155.99000549316406,151.72999572753906,152.5399932861328,152.39999389648438,1946100.0,152.3688201904297
2019-10-14,152.8000030517578,150.7899932861328,152.2100067138672,151.5800018310547,1304300.0,151.5489959716797
2019-10-15,161.33999633789062,155.10000610351562,155.3000030517578,160.16000366210938,2792200.0,160.1272430419922
2019-10-16,161.67999267578125,157.80999755859375,159.74000549316406,161.47000122070312,1822100.0,161.4369659423828
2019-10-17,165.2899932861328,161.47000122070312,161.72999572753906,164.77000427246094,1796000.0,164.73629760742188
2019-10-18,167.3800048828125,163.8300018310547,165.83999633789062,166.8800048828125,2030300.0,166.8458709716797
2019-10-21,168.05999755859375,165.85000610351562,166.9499969482422,166.74000549316406,1891200.0,166.70590209960938
2019-10-22,172.22999572753906,166.0800018310547,166.0800018310547,170.3800048828125,2379000.0,170.34515380859375
2019-10-23,173.52999877929688,169.0,170.1999969482422,172.91000366210938,2088700.0,172.8746337890625
2019-10-24,173.6699981689453,168.0,172.8699951171875,170.11000061035156,1974300.0,170.0751953125
2019-10-25,172.14999389648438,168.8699951171875,169.99000549316406,171.49000549316406,1325300.0,171.45492553710938
2019-10-28,175.74000549316406,171.3699951171875,171.67999267578125,174.7899932861328,2019300.0,174.75424194335938
2019-10-29,178.1300048828125,174.32000732421875,174.60000610351562,177.97999572753906,1927000.0,177.94358825683594
2019-10-30,177.64999389648438,175.44000244140625,176.5500030517578,176.44000244140625,2033200.0,176.40391540527344
2019-10-31,179.5,171.64999389648438,178.25,178.4600067138672,3971400.0,178.4235076904297
2019-11-01,184.55999755859375,178.0,179.2100067138672,179.50999450683594,3425800.0,179.4732666015625
2019-11-04,183.67999267578125,178.4499969482422,181.30999755859375,183.1199951171875,2451400.0,183.08253479003906
2019-11-05,184.74000549316406,181.67999267578125,184.0,181.85000610351562,2581100.0,181.81280517578125
2019-11-06,184.44000244140625,181.74000549316406,182.97000122070312,183.1300048828125,1763600.0,183.09254455566406
2019-11-07,186.5,183.4600067138672,184.02999877929688,185.33999633789062,1356000.0,185.3020782470703
2019-11-08,189.27999877929688,185.25999450683594,186.0,188.1999969482422,1461300.0,188.1614990234375
2019-11-11,187.47000122070312,185.07000732421875,185.89999389648438,187.16000366210938,1390400.0,187.12171936035156
2019-11-12,190.5399932861328,186.25,186.47000122070312,188.97000122070312,1831900.0,188.9313507080078
2019-11-13,191.74000549316406,187.22000122070312,187.9499969482422,190.25,1463000.0,190.21107482910156
2019-11-14,191.7100067138672,189.00999450683594,190.33999633789062,189.6999969482422,1534900.0,189.66119384765625
2019-11-15,198.63999938964844,188.27999877929688,190.38999938964844,196.00999450683594,3056600.0,195.9698944091797
2019-11-18,202.85000610351562,195.75,197.3800048828125,198.3800048828125,2818800.0,198.33941650390625
2019-11-19,200.38999938964844,196.3300018310547,198.72999572753906,200.02000427246094,1666100.0,199.9790802001953
2019-11-20,200.60000610351562,197.1699981689453,199.0,199.91000366210938,1633000.0,199.86911010742188
2019-11-21,201.42999267578125,198.10000610351562,200.27000427246094,201.2100067138672,1359100.0,201.16885375976562
2019-11-22,202.8800048828125,200.32000732421875,202.0,201.85000610351562,1492300.0,201.8087158203125
2019-11-25,205.24000549316406,201.83999633789062,202.0,203.8699951171875,2419700.0,203.8282928466797
2019-11-26,204.38999938964844,199.38999938964844,204.38999938964844,200.3699951171875,2201100.0,200.32901000976562
2019-11-27,202.58999633789062,198.5,200.5,200.02999877929688,2042000.0,199.98907470703125
2019-11-29,200.7899932861328,198.5,200.02999877929688,199.9199981689453,812000.0,199.8791046142578
2019-12-02,200.38999938964844,196.83999633789062,199.9199981689453,196.94000244140625,1498900.0,196.89971923828125
2019-12-03,195.97999572753906,192.5399932861328,193.94000244140625,195.3300018310547,1975900.0,195.2900390625
2019-12-04,197.99000549316406,195.2899932861328,196.41000366210938,196.74000549316406,1820300.0,196.6997528076172
2019-12-05,196.82000732421875,193.5800018310547,196.6999969482422,195.58999633789062,1526300.0,195.54998779296875
2019-12-06,199.94000244140625,197.08999633789062,197.50999450683594,198.92999267578125,1658000.0,198.88929748535156
2019-12-09,198.83999633789062,195.85000610351562,198.0800018310547,195.9499969482422,1376600.0,195.909912109375
2019-12-10,195.67999267578125,189.52000427246094,195.67999267578125,191.7100067138672,3335200.0,191.67079162597656
2019-12-11,193.5,189.8300018310547,191.49000549316406,191.75,1971100.0,191.7107696533203
2019-12-12,194.89999389648438,191.11000061035156,192.3300018310547,193.55999755859375,2013100.0,193.52040100097656
2019-12-13,194.9600067138672,188.8000030517578,193.91000366210938,189.8699951171875,2090900.0,189.83116149902344
2019-12-16,197.22999572753906,191.0,191.80999755859375,195.1300048828125,1867500.0,195.090087890625
2019-12-17,196.3300018310547,192.0800018310547,194.5800018310547,193.52000427246094,1701700.0,193.4804229736328
2019-12-18,199.8000030517578,194.58999633789062,195.0,198.1999969482422,2439600.0,198.15945434570312
2019-12-19,199.99000549316406,197.80999755859375,198.2100067138672,198.72000122070312,1683500.0,198.67935180664062
2019-12-20,206.24000549316406,201.55999755859375,201.55999755859375,204.58999633789062,4943200.0,204.5481414794922
2019-12-23,207.27999877929688,203.3699951171875,203.97000122070312,206.47000122070312,1901000.0,206.42776489257812
2019-12-24,206.92999267578125,204.0,206.52999877929688,204.00999450683594,531000.0,203.96826171875
2019-12-26,205.35000610351562,203.97999572753906,204.50999450683594,204.3800048828125,743100.0,204.33819580078125
2019-12-27,204.9499969482422,203.58999633789062,204.44000244140625,204.0,1053600.0,203.95826721191406
2019-12-30,204.58999633789062,202.3800048828125,203.6999969482422,202.97000122070312,954800.0,202.92848205566406
2019-12-31,204.7100067138672,202.00999450683594,202.8800048828125,204.49000549316406,1483600.0,204.44818115234375
2020-01-02,205.85000610351562,202.08999633789062,205.38999938964844,204.94000244140625,1372600.0,204.89808654785156
2020-01-03,204.38999938964844,200.8000030517578,202.00999450683594,203.17999267578125,1387300.0,203.138427734375
2020-01-06,207.16000366210938,201.9499969482422,202.0,206.9199981689453,1243000.0,206.87767028808594
2020-01-07,208.77999877929688,205.27999877929688,206.17999267578125,207.92999267578125,1354600.0,207.887451171875
2020-01-08,211.72000122070312,207.19000244140625,207.92999267578125,211.41000366210938,1483600.0,211.36676025390625
2020-01-09,212.22999572753906,209.0,210.02999877929688,210.85000610351562,2018200.0,210.80686950683594
2020-01-10,212.35000610351562,209.6999969482422,212.11000061035156,210.27999877929688,1034800.0,210.2369842529297
2020-01-13,209.0,201.9600067138672,208.50999450683594,203.50999450683594,2376600.0,203.46836853027344
2020-01-14,206.9499969482422,203.02000427246094,203.25999450683594,205.19000244140625,1499100.0,205.1480255126953
2020-01-15,210.4199981689453,205.19000244140625,205.19000244140625,208.22999572753906,1799700.0,208.18739318847656
2020-01-16,211.25999450683594,208.5,209.41000366210938,210.9499969482422,1387500.0,210.90684509277344
2020-01-17,212.63999938964844,209.22999572753906,210.9600067138672,212.52000427246094,1680000.0,212.47653198242188
2020-01-21,214.44000244140625,210.39999389648438,211.67999267578125,213.0,2192200.0,212.9564208984375
2020-01-22,213.8000030517578,210.3699951171875,213.3000030517578,211.25999450683594,1468700.0,211.21678161621094
2020-01-23,213.3800048828125,209.8300018310547,211.0399932861328,212.6999969482422,1511600.0,212.65647888183594
2020-01-24,212.99000549316406,204.74000549316406,212.7100067138672,206.00999450683594,1882200.0,205.9678497314453
2020-01-27,202.61000061035156,196.64999389648438,202.1999969482422,199.9499969482422,1498300.0,199.90908813476562
2020-01-28,206.1199951171875,200.6300048828125,201.35000610351562,205.3300018310547,1603400.0,205.28799438476562
2020-01-29,206.4199981689453,201.72000122070312,204.86000061035156,202.5399932861328,1849500.0,202.49856567382812
2020-01-30,201.52999877929688,194.8699951171875,200.50999450683594,196.99000549316406,3180000.0,196.94970703125
2020-01-31,195.82000732421875,191.08999633789062,195.3800048828125,192.3800048828125,1816000.0,192.3406524658203
2020-02-03,196.0800018310547,191.17999267578125,193.82000732421875,191.77000427246094,2356200.0,191.73077392578125
2020-02-04,198.7100067138672,193.89999389648438,194.16000366210938,196.86000061035156,1955700.0,196.81973266601562
2020-02-05,207.5,200.08999633789062,200.08999633789062,206.47999572753906,2122600.0,206.43775939941406
2020-02-06,216.17999267578125,207.8300018310547,210.25,211.86000061035156,3006200.0,211.81666564941406
2020-02-07,212.7899932861328,208.00999450683594,210.6699981689453,208.9199981689453,2046800.0,208.87725830078125
2020-02-10,211.89999389648438,207.50999450683594,208.02999877929688,210.32000732421875,2041400.0,210.2769775390625
2020-02-11,215.3300018310547,210.39999389648438,212.35000610351562,215.17999267578125,1815100.0,215.13597106933594
2020-02-12,224.63999938964844,217.0,217.82000732421875,222.55999755859375,2720700.0,222.51446533203125
2020-02-13,224.25,220.3300018310547,220.3300018310547,221.88999938964844,2115900.0,221.8446044921875
2020-02-14,222.27999877929688,218.92999267578125,221.63999938964844,220.33999633789062,2077300.0,220.294921875
2020-02-18,224.57000732421875,219.42999267578125,220.33999633789062,221.9499969482422,1956100.0,221.9045867919922
2020-02-19,223.5800018310547,219.5,221.5,221.44000244140625,1615200.0,221.3946990966797
2020-02-20,221.74000549316406,216.2100067138672,219.30999755859375,220.41000366210938,2206200.0,220.3649139404297
2020-02-21,219.82000732421875,216.77000427246094,218.57000732421875,217.19000244140625,1469800.0,217.14556884765625
2020-02-24,210.1199951171875,200.0500030517578,207.8699951171875,200.36000061035156,3114500.0,200.3190155029297
2020-02-25,203.94000244140625,189.36000061035156,203.33999633789062,191.75999450683594,2824100.0,191.72076416015625
2020-02-26,195.5,188.5399932861328,193.72000122070312,188.9199981689453,2869700.0,188.88134765625
2020-02-27,189.7899932861328,181.72000122070312,184.49000549316406,181.92999267578125,3101300.0,181.8927764892578
2020-02-28,184.58999633789062,174.22000122070312,176.25,182.94000244140625,5468800.0,182.90257263183594
2020-03-02,194.5399932861328,180.41000366210938,183.41000366210938,194.33999633789062,3901200.0,194.3002471923828
2020-03-03,203.8800048828125,186.89999389648438,194.33999633789062,189.25,3570000.0,189.21128845214844
2020-03-04,211.94000244140625,205.35000610351562,208.0399932861328,209.5399932861328,6127800.0,209.49713134765625
2020-03-05,206.35000610351562,198.6300048828125,203.02999877929688,200.92999267578125,3106900.0,200.88888549804688
2020-03-06,196.5500030517578,188.0,194.2100067138672,195.52000427246094,3447900.0,195.48001098632812
2020-03-09,186.35000610351562,173.89999389648438,181.25999450683594,181.60000610351562,3897800.0,181.60000610351562
2020-03-10,198.6999969482422,186.02999877929688,187.7899932861328,197.77000427246094,4188200.0,197.77000427246094
2020-03-11,196.5399932861328,183.5399932861328,191.24000549316406,187.22999572753906,4106600.0,187.22999572753906
2020-03-12,181.44000244140625,163.5800018310547,175.16000366210938,164.27000427246094,4830200.0,164.27000427246094
2020-03-13,180.0,164.22999572753906,172.69000244140625,179.8699951171875,5081600.0,179.8699951171875
2020-03-16,162.38999938964844,145.24000549316406,150.0,150.69000244140625,3340800.0,150.69000244140625
2020-03-17,162.75,148.27999877929688,154.2100067138672,155.08999633789062,3765400.0,155.08999633789062
2020-03-18,146.0,118.5,145.0,142.91000366210938,4199600.0,142.91000366210938
2020-03-19,149.57000732421875,134.10000610351562,141.60000610351562,146.52000427246094,3987400.0,146.52000427246094
2020-03-20,150.63999938964844,139.82000732421875,149.32000732421875,142.08999633789062,4711700.0,142.08999633789062
2020-03-23,140.4600067138672,126.0,140.25,130.05999755859375,4226400.0,130.05999755859375
2020-03-24,147.64999389648438,136.5500030517578,141.94000244140625,147.1999969482422,5464300.0,147.1999969482422
2020-03-25,165.5399932861328,143.0,145.0,156.82000732421875,4232900.0,156.82000732421875
2020-03-26,170.85000610351562,154.41000366210938,158.30999755859375,169.5399932861328,4059400.0,169.5399932861328
2020-03-27,167.7899932861328,159.8000030517578,160.74000549316406,161.2899932861328,3563000.0,161.2899932861328
2020-03-30,178.94000244140625,162.74000549316406,162.74000549316406,178.25999450683594,3677400.0,178.25999450683594
2020-03-31,181.97999572753906,173.5,176.97999572753906,177.17999267578125,4427600.0,177.17999267578125
2020-04-01,174.27000427246094,167.38999938964844,169.72000122070312,173.07000732421875,2993300.0,173.07000732421875
2020-04-02,172.92999267578125,164.2899932861328,168.44000244140625,168.80999755859375,2501400.0,168.80999755859375
2020-04-03,169.77000427246094,159.38999938964844,167.3300018310547,163.83999633789062,2271700.0,163.83999633789062
2020-04-06,176.6999969482422,170.39999389648438,171.67999267578125,173.49000549316406,3060600.0,173.49000549316406
2020-04-07,186.41000366210938,176.2100067138672,181.47000122070312,177.1699981689453,2351500.0,177.1699981689453
2020-04-08,189.25,175.13999938964844,179.63999938964844,186.22000122070312,2548700.0,186.22000122070312
2020-04-09,188.64999389648438,180.75,186.88999938964844,181.8300018310547,2485600.0,181.8300018310547
2020-04-13,182.0,174.0500030517578,180.50999450683594,177.47999572753906,1682800.0,177.47999572753906
2020-04-14,188.33999633789062,181.0399932861328,181.0399932861328,185.6199951171875,1799300.0,185.6199951171875
2020-04-15,187.6199951171875,179.22999572753906,182.75999450683594,182.60000610351562,2597600.0,182.60000610351562
2020-04-16,196.3300018310547,183.25,184.75,195.35000610351562,2678800.0,195.35000610351562
2020-04-17,199.35000610351562,190.6999969482422,198.6300048828125,194.1300048828125,3482700.0,194.1300048828125
2020-04-20,193.52999877929688,188.3800048828125,191.49000549316406,188.6999969482422,1861500.0,188.6999969482422
2020-04-21,188.0,177.75,184.0399932861328,177.91000366210938,2452800.0,177.91000366210938
2020-04-22,187.80999755859375,180.85000610351562,182.94000244140625,182.58999633789062,1756800.0,182.58999633789062
2020-04-23,186.4499969482422,182.64999389648438,183.0,184.27999877929688,1024000.0,184.27999877929688
2020-04-24,188.8300018310547,183.0,185.52999877929688,188.1999969482422,1346700.0,188.1999969482422
2020-04-27,193.94000244140625,190.0,190.3699951171875,192.80999755859375,1529700.0,192.80999755859375
2020-04-28,196.99000549316406,184.8300018310547,196.52999877929688,189.58999633789062,1347600.0,189.58999633789062
2020-04-29,197.32000732421875,187.8000030517578,192.91000366210938,195.8699951171875,1844500.0,195.8699951171875
2020-04-30,202.75,194.11000061035156,197.25,195.77999877929688,2732100.0,195.77999877929688
2020-05-01,194.8800048828125,185.36000061035156,192.0,187.08999633789062,1614200.0,187.08999633789062
2020-05-04,186.4199981689453,180.52999877929688,181.0,184.61000061035156,1525600.0,184.61000061035156
2020-05-05,192.7899932861328,186.61000061035156,187.02999877929688,190.38999938964844,1440300.0,190.38999938964844
2020-05-06,193.42999267578125,183.00999450683594,192.27999877929688,183.42999267578125,1438600.0,183.42999267578125
2020-05-07,187.69000244140625,183.3000030517578,185.52000427246094,184.17999267578125,1127400.0,184.17999267578125
2020-05-08,189.42999267578125,186.10000610351562,187.1199951171875,189.27000427246094,1300600.0,189.27000427246094
2020-05-11,191.5399932861328,187.55999755859375,187.6300048828125,188.99000549316406,1068100.0,188.99000549316406
2020-05-12,194.2100067138672,189.55999755859375,190.6999969482422,189.55999755859375,1334600.0,189.55999755859375
2020-05-13,189.0,178.67999267578125,188.3300018310547,181.00999450683594,1845800.0,181.00999450683594
2020-05-14,184.4600067138672,176.52000427246094,179.67999267578125,184.4600067138672,1838700.0,184.4600067138672
2020-05-15,190.41000366210938,183.25999450683594,183.6699981689453,190.14999389648438,1305200.0,190.14999389648438
2020-05-18,196.1999969482422,193.36000061035156,195.24000549316406,193.50999450683594,1257900.0,193.50999450683594
2020-05-19,194.97999572753906,190.5,192.86000061035156,191.77999877929688,997200.0,191.77999877929688
2020-05-20,194.5500030517578,187.5,193.94000244140625,188.27000427246094,1617300.0,188.27000427246094
2020-05-21,190.22999572753906,186.6699981689453,187.9600067138672,188.67999267578125,1072300.0,188.67999267578125
2020-05-22,189.75,186.8800048828125,189.4600067138672,189.0,818700.0,189.0
2020-05-26,198.0,192.86000061035156,193.75999450683594,195.9199981689453,1542700.0,195.9199981689453
2020-05-27,199.64999389648438,193.2899932861328,196.63999938964844,199.4600067138672,1288200.0,199.4600067138672
2020-05-28,205.0,199.55999755859375,200.0,200.57000732421875,1463000.0,200.57000732421875
2020-05-29,203.3699951171875,195.67999267578125,200.57000732421875,197.32000732421875,2306800.0,197.32000732421875
2020-06-01,198.80999755859375,194.6199951171875,196.44000244140625,198.10000610351562,1062900.0,198.10000610351562
2020-06-02,202.50999450683594,196.25,198.2100067138672,201.30999755859375,1964900.0,201.30999755859375
2020-06-03,204.8699951171875,200.5800018310547,203.55999755859375,201.36000061035156,1404700.0,201.36000061035156
2020-06-04,204.39999389648438,198.4600067138672,199.4600067138672,202.38999938964844,1259200.0,202.38999938964844
2020-06-05,213.55999755859375,203.41000366210938,205.0,209.47999572753906,1956000.0,209.47999572753906
2020-06-08,215.9199981689453,207.22000122070312,207.97999572753906,215.83999633789062,2092800.0,215.83999633789062
2020-06-09,217.3000030517578,211.5,213.99000549316406,214.5,1497600.0,214.5
2020-06-10,214.5,206.63999938964844,214.47000122070312,209.0,1433300.0,209.0
2020-06-11,204.77999877929688,189.3300018310547,204.17999267578125,191.55999755859375,2936300.0,191.55999755859375
2020-06-12,198.4199981689453,187.9499969482422,197.8300018310547,190.02000427246094,2004800.0,190.02000427246094
2020-06-15,189.38999938964844,182.36000061035156,185.27000427246094,187.1300048828125,2105400.0,187.1300048828125
2020-06-16,196.16000366210938,189.5,193.85000610351562,193.02000427246094,1348400.0,193.02000427246094
2020-06-17,194.99000549316406,190.8300018310547,194.52000427246094,191.8000030517578,1169500.0,191.8000030517578
2020-06-18,190.77000427246094,187.27999877929688,190.36000061035156,189.97999572753906,1881200.0,189.97999572753906
2020-06-19,196.85000610351562,190.75,194.0800018310547,191.39999389648438,2260000.0,191.39999389648438
2020-06-22,192.41000366210938,187.1699981689453,190.2899932861328,190.3800048828125,1450000.0,190.3800048828125
2020-06-23,193.99000549316406,189.63999938964844,192.13999938964844,192.30999755859375,1687200.0,192.30999755859375
2020-06-24,191.97999572753906,182.2100067138672,190.10000610351562,183.97000122070312,1658100.0,183.97000122070312
2020-06-25,185.9600067138672,181.05999755859375,183.10000610351562,185.47999572753906,1225200.0,185.47999572753906
2020-06-26,185.6300048828125,182.42999267578125,184.9199981689453,185.05999755859375,2410400.0,185.05999755859375
2020-06-29,187.75999450683594,183.69000244140625,186.67999267578125,187.5500030517578,1294300.0,187.5500030517578
2020-06-30,188.7899932861328,184.35000610351562,187.52999877929688,187.64999389648438,2146900.0,187.64999389648438
2020-07-01,192.35000610351562,187.47999572753906,187.9600067138672,190.5,2004000.0,190.5
2020-07-02,194.52000427246094,190.08999633789062,191.9600067138672,190.49000549316406,892500.0,190.49000549316406
2020-07-06,192.8000030517578,189.00999450683594,191.8000030517578,189.3300018310547,1571100.0,189.3300018310547
2020-07-07,188.1999969482422,181.52999877929688,186.9499969482422,182.0500030517578,2183500.0,182.0500030517578
2020-07-08,184.52999877929688,177.13999938964844,182.47999572753906,180.0800018310547,2535200.0,180.0800018310547
2020-07-09,180.32000732421875,171.77000427246094,179.5,173.89999389648438,2331500.0,173.89999389648438
2020-07-10,176.0500030517578,170.7899932861328,174.35000610351562,175.5399932861328,1520600.0,175.5399932861328
2020-07-13,180.1300048828125,176.2100067138672,176.35000610351562,177.3699951171875,1733600.0,177.3699951171875
2020-07-14,182.38999938964844,175.3300018310547,176.97000122070312,182.1699981689453,1798900.0,182.1699981689453
2020-07-15,184.72000122070312,180.19000244140625,183.10000610351562,181.0399932861328,1816400.0,181.0399932861328
2020-07-16,181.36000061035156,178.89999389648438,181.0,180.0,1706800.0,180.0
2020-07-17,181.91000366210938,179.2899932861328,181.27999877929688,179.80999755859375,2537500.0,179.80999755859375
2020-07-20,180.24000549316406,175.72000122070312,179.97000122070312,175.86000061035156,2002200.0,175.86000061035156
2020-07-21,178.47999572753906,176.25999450683594,178.0,178.3000030517578,2542700.0,178.3000030517578
2020-07-22,178.47999572753906,175.1999969482422,178.33999633789062,176.92999267578125,1608400.0,176.92999267578125
2020-07-23,181.19000244140625,176.8000030517578,177.0500030517578,179.1199951171875,2042400.0,179.1199951171875
2020-07-24,184.1699981689453,179.91000366210938,180.80999755859375,181.02000427246094,2263600.0,181.02000427246094
2020-07-27,180.08999633789062,175.38999938964844,179.89999389648438,175.5,1886200.0,175.5
2020-07-28,177.8699951171875,174.19000244140625,175.24000549316406,175.75,1816400.0,175.75
2020-07-29,183.33999633789062,176.61000061035156,177.1199951171875,181.8000030517578,2130200.0,181.8000030517578
2020-07-30,181.2100067138672,177.0,179.2100067138672,178.72999572753906,1106337.0,178.72999572753906
