Date,High,Low,Open,Close,Volume,Adj Close
2016-01-04,123.87000274658203,121.04000091552734,123.02999877929688,122.88999938964844,2217600,122.88999938964844
2016-01-05,124.95999908447266,121.9000015258789,123.88999938964844,123.44999694824219,1299900,123.44999694824219
2016-01-06,123.16999816894531,119.51000213623047,120.80000305175781,122.2300033569336,1692400,122.2300033569336
2016-01-07,119.81999969482422,113.8499984741211,119.01000213623047,114.95999908447266,2362600,114.95999908447266
2016-01-08,117.11000061035156,110.55000305175781,115.62000274658203,110.70999908447266,1823000,110.70999908447266
2016-01-11,109.94000244140625,101.48999786376953,109.87999725341797,103.94999694824219,3230700,103.94999694824219
2016-01-12,108.70999908447266,98.87000274658203,104.94999694824219,103.63999938964844,3253500,103.63999938964844
2016-01-13,105.5,95.68000030517578,104.30000305175781,96.37000274658203,5709200,96.37000274658203
2016-01-14,103.94999694824219,94.68000030517578,97.44000244140625,101.91000366210938,3688600,101.91000366210938
2016-01-15,100.12999725341797,95.08999633789062,98.1500015258789,97.91000366210938,3222200,97.91000366210938
2016-01-19,101.45999908447266,92.56999969482422,100.54000091552734,94.98999786376953,2779800,94.98999786376953
2016-01-20,98.58000183105469,89.97000122070312,93.33000183105469,96.98999786376953,4088800,96.98999786376953
2016-01-21,98.83999633789062,94.83999633789062,97.05999755859375,95.06999969482422,2881100,95.06999969482422
2016-01-22,97.80999755859375,93.6500015258789,97.0,94.70999908447266,2572900,94.70999908447266
2016-01-25,95.16999816894531,92.01000213623047,94.23999786376953,92.12000274658203,2665400,92.12000274658203
2016-01-26,93.43000030517578,90.47000122070312,92.69999694824219,92.19999694824219,2561800,92.19999694824219
2016-01-27,96.08999633789062,89.91999816894531,92.3499984741211,92.5,3626000,92.5
2016-01-28,94.08999633789062,81.9800033569336,91.0,92.76000213623047,8088500,92.76000213623047
2016-01-29,94.48999786376953,90.0,92.72000122070312,90.75,3485600,90.75
2016-02-01,93.98999786376953,89.75,91.91999816894531,92.38999938964844,2913200,92.38999938964844
2016-02-02,92.68000030517578,89.43000030517578,90.58999633789062,90.9800033569336,3142900,90.9800033569336
2016-02-03,93.9800033569336,86.12000274658203,91.54000091552734,93.87999725341797,3256700,93.87999725341797
2016-02-04,96.3499984741211,90.70999908447266,93.48999786376953,91.72000122070312,2453000,91.72000122070312
2016-02-05,92.2300033569336,84.54000091552734,89.77999877929688,86.61000061035156,4571300,86.61000061035156
2016-02-08,85.8499984741211,79.80999755859375,85.2300033569336,82.0,4215100,82.0
2016-02-09,83.52999877929688,79.44000244140625,80.25,80.13999938964844,4159500,80.13999938964844
2016-02-10,84.05999755859375,80.25,82.26000213623047,81.7300033569336,4115300,81.7300033569336
2016-02-11,81.16999816894531,78.51000213623047,79.20999908447266,79.70999908447266,3894600,79.70999908447266
2016-02-12,83.80999755859375,79.5,81.94000244140625,83.2300033569336,2771700,83.2300033569336
2016-02-16,85.8499984741211,83.01000213623047,85.41999816894531,85.37000274658203,2191100,85.37000274658203
2016-02-17,88.45999908447266,83.5,86.06999969482422,88.25,2276300,88.25
2016-02-18,88.47000122070312,85.76000213623047,87.87000274658203,86.63999938964844,2133900,86.63999938964844
2016-02-19,88.51000213623047,84.04000091552734,85.98999786376953,88.08000183105469,2029700,88.08000183105469
2016-02-22,91.5999984741211,87.8499984741211,89.41000366210938,89.0,1599900,89.0
2016-02-23,89.30000305175781,84.76000213623047,88.05999755859375,85.27999877929688,1757700,85.27999877929688
2016-02-24,87.08999633789062,82.44000244140625,84.12000274658203,86.7699966430664,1809400,86.7699966430664
2016-02-25,88.94000244140625,84.33999633789062,87.33000183105469,85.52999877929688,1387800,85.52999877929688
2016-02-26,87.93000030517578,85.38999938964844,86.44000244140625,87.0,1408200,87.0
2016-02-29,88.97000122070312,84.5999984741211,86.83000183105469,85.48999786376953,1757500,85.48999786376953
2016-03-01,89.61000061035156,84.26000213623047,86.12999725341797,89.56999969482422,1991100,89.56999969482422
2016-03-02,93.41999816894531,88.75,88.94000244140625,92.5199966430664,2779100,92.5199966430664
2016-03-03,93.0,89.0999984741211,92.25,89.44999694824219,1575700,89.44999694824219
2016-03-04,90.19000244140625,87.91999816894531,89.91000366210938,88.36000061035156,1703400,88.36000061035156
2016-03-07,91.0,85.94000244140625,87.36000061035156,90.94999694824219,1642900,90.94999694824219
2016-03-08,90.88999938964844,85.05000305175781,90.62999725341797,86.91000366210938,2776500,86.91000366210938
2016-03-09,87.44999694824219,84.3499984741211,87.44999694824219,84.62999725341797,2201800,84.62999725341797
2016-03-10,85.43000030517578,81.16000366210938,85.16000366210938,82.27999877929688,2456600,82.27999877929688
2016-03-11,86.33999633789062,83.02999877929688,83.81999969482422,86.26000213623047,1715900,86.26000213623047
2016-03-14,86.95999908447266,83.9800033569336,86.11000061035156,85.58999633789062,2014300,85.58999633789062
2016-03-15,85.41000366210938,82.25,84.55000305175781,82.83000183105469,1762600,82.83000183105469
2016-03-16,83.33999633789062,77.51000213623047,82.05999755859375,79.30000305175781,2957300,79.30000305175781
2016-03-17,80.08999633789062,75.9000015258789,79.33000183105469,79.18000030517578,2658000,79.18000030517578
2016-03-18,83.13999938964844,78.47000122070312,79.73999786376953,82.5199966430664,3768300,82.5199966430664
2016-03-21,84.75,81.5199966430664,82.01000213623047,84.0199966430664,1784000,84.0199966430664
2016-03-22,86.91000366210938,83.30999755859375,83.6500015258789,86.77999877929688,1785200,86.77999877929688
2016-03-23,86.0,80.0,86.0,80.1500015258789,2198100,80.1500015258789
2016-03-24,82.19000244140625,78.25,79.70999908447266,80.58000183105469,1888300,80.58000183105469
2016-03-28,81.26000213623047,77.66999816894531,80.8499984741211,78.69999694824219,1508400,78.69999694824219
2016-03-29,79.37000274658203,76.79000091552734,78.48999786376953,79.23999786376953,1742100,79.23999786376953
2016-03-30,81.98999786376953,77.69000244140625,80.11000061035156,78.4000015258789,1729500,78.4000015258789
2016-03-31,82.0999984741211,77.80999755859375,78.72000122070312,79.48999786376953,3259400,79.48999786376953
2016-04-01,79.25,75.91999816894531,79.0199966430664,79.1500015258789,3638700,79.1500015258789
2016-04-04,84.4000015258789,79.19000244140625,79.80999755859375,82.87000274658203,2744000,82.87000274658203
2016-04-05,86.4800033569336,81.5199966430664,82.54000091552734,84.16000366210938,2849000,84.16000366210938
2016-04-06,91.76000213623047,83.69999694824219,83.81999969482422,91.30999755859375,3460300,91.30999755859375
2016-04-07,91.77999877929688,85.93000030517578,90.30999755859375,86.30000305175781,2797600,86.30000305175781
2016-04-08,88.0,84.18000030517578,87.29000091552734,85.25,1539700,85.25
2016-04-11,86.79000091552734,84.05999755859375,85.95999908447266,84.47000122070312,1413000,84.47000122070312
2016-04-12,85.19000244140625,82.54000091552734,84.79000091552734,83.37000274658203,1832700,83.37000274658203
2016-04-13,85.63999938964844,83.19999694824219,84.04000091552734,85.18000030517578,2128100,85.18000030517578
2016-04-14,88.08000183105469,84.7300033569336,85.12999725341797,87.08000183105469,1319200,87.08000183105469
2016-04-15,87.5999984741211,81.0199966430664,87.41999816894531,81.75,4163700,81.75
2016-04-18,85.9000015258789,81.41999816894531,81.41999816894531,83.22000122070312,2495600,83.22000122070312
2016-04-19,84.77999877929688,82.61000061035156,84.0,83.20999908447266,1667900,83.20999908447266
2016-04-20,84.9000015258789,83.25,83.72000122070312,84.11000061035156,1492300,84.11000061035156
2016-04-21,87.48999786376953,84.0999984741211,84.38999938964844,86.80999755859375,1731200,86.80999755859375
2016-04-22,87.37999725341797,84.08000183105469,86.36000061035156,86.80000305175781,1279000,86.80000305175781
2016-04-25,87.44999694824219,85.0199966430664,86.26000213623047,85.66000366210938,1460100,85.66000366210938
2016-04-26,86.0199966430664,83.29000091552734,85.80000305175781,84.13999938964844,1689800,84.13999938964844
2016-04-27,85.76000213623047,81.77999877929688,83.79000091552734,84.5,2614900,84.5
2016-04-28,90.25,78.83999633789062,81.23999786376953,86.75,5463300,86.75
2016-04-29,86.2300033569336,83.4000015258789,85.9000015258789,84.33999633789062,2888000,84.33999633789062
2016-05-02,84.69999694824219,80.62000274658203,84.23999786376953,83.0,2165400,83.0
2016-05-03,83.2699966430664,80.80999755859375,82.18000030517578,82.16000366210938,2063400,82.16000366210938
2016-05-04,82.91000366210938,80.30999755859375,81.9800033569336,80.62999725341797,1907400,80.62999725341797
2016-05-05,84.06999969482422,80.62999725341797,81.41000366210938,84.0,1814600,84.0
2016-05-06,85.66000366210938,82.94999694824219,83.2300033569336,85.54000091552734,1999300,85.54000091552734
2016-05-09,88.94000244140625,85.51000213623047,85.54000091552734,88.05999755859375,1800800,88.05999755859375
2016-05-10,89.0999984741211,86.26000213623047,88.58000183105469,89.08000183105469,2095100,89.08000183105469
2016-05-11,89.06999969482422,83.52999877929688,88.95999908447266,83.62999725341797,1662700,83.62999725341797
2016-05-12,84.83000183105469,80.58000183105469,84.23999786376953,82.0999984741211,2047100,82.0999984741211
2016-05-13,83.02999877929688,81.05999755859375,81.79000091552734,81.37999725341797,1120000,81.37999725341797
2016-05-16,83.22000122070312,81.37999725341797,81.63999938964844,82.13999938964844,2075500,82.13999938964844
2016-05-17,82.48999786376953,80.41000366210938,81.45999908447266,80.70999908447266,2166700,80.70999908447266
2016-05-18,82.25,80.2699966430664,80.2699966430664,81.70999908447266,1926300,81.70999908447266
2016-05-19,82.29000091552734,80.25,80.88999938964844,81.01000213623047,1674400,81.01000213623047
2016-05-20,85.0,80.55000305175781,81.02999877929688,84.69999694824219,1659100,84.69999694824219
2016-05-23,85.5999984741211,83.30000305175781,84.27999877929688,84.41999816894531,1223800,84.41999816894531
2016-05-24,88.44000244140625,83.62000274658203,83.69999694824219,88.41999816894531,1503000,88.41999816894531
2016-05-25,89.7300033569336,88.13999938964844,88.98999786376953,89.55999755859375,1598600,89.55999755859375
2016-05-26,89.93000030517578,87.23999786376953,89.05000305175781,89.19000244140625,1325300,89.19000244140625
2016-05-27,90.48999786376953,88.37000274658203,89.27999877929688,90.37999725341797,1109500,90.37999725341797
2016-05-31,93.5999984741211,90.61000061035156,90.62000274658203,93.1500015258789,1741000,93.1500015258789
2016-06-01,94.3499984741211,92.68000030517578,92.9000015258789,93.9000015258789,1433000,93.9000015258789
2016-06-02,95.87999725341797,93.11000061035156,93.63999938964844,95.81999969482422,1295100,95.81999969482422
2016-06-03,95.69000244140625,92.62000274658203,95.62000274658203,93.95999908447266,1473300,93.95999908447266
2016-06-06,96.48999786376953,92.47000122070312,94.48999786376953,96.08999633789062,1259900,96.08999633789062
2016-06-07,95.8499984741211,93.55999755859375,95.22000122070312,94.7699966430664,1852000,94.7699966430664
2016-06-08,96.0,93.41999816894531,95.02999877929688,94.58999633789062,1690400,94.58999633789062
2016-06-09,94.55000305175781,92.18000030517578,94.0,92.48999786376953,1191800,92.48999786376953
2016-06-10,93.08000183105469,90.81999969482422,92.4800033569336,91.48999786376953,1432000,91.48999786376953
2016-06-13,92.47000122070312,90.05999755859375,91.23999786376953,90.54000091552734,1203300,90.54000091552734
2016-06-14,91.6500015258789,89.5199966430664,90.08000183105469,91.37000274658203,1253800,91.37000274658203
2016-06-15,91.9800033569336,90.4000015258789,91.3499984741211,90.83999633789062,1083200,90.83999633789062
2016-06-16,90.68000030517578,88.58000183105469,89.94999694824219,90.41000366210938,1284100,90.41000366210938
2016-06-17,91.23999786376953,85.87999725341797,90.45999908447266,86.7300033569336,2658900,86.7300033569336
2016-06-20,89.01000213623047,86.5199966430664,87.73999786376953,86.72000122070312,1272900,86.72000122070312
2016-06-21,87.63999938964844,83.5,86.80000305175781,85.27999877929688,1881900,85.27999877929688
2016-06-22,89.16999816894531,85.08999633789062,85.19999694824219,85.22000122070312,1917800,85.22000122070312
2016-06-23,88.27999877929688,85.04000091552734,86.20999908447266,88.19999694824219,1398000,88.19999694824219
2016-06-24,85.79000091552734,81.81999969482422,83.58000183105469,81.9000015258789,2298500,81.9000015258789
2016-06-27,82.08999633789062,79.58999633789062,81.16999816894531,79.83999633789062,1906000,79.83999633789062
2016-06-28,83.55000305175781,80.54000091552734,80.54000091552734,83.44000244140625,1536400,83.44000244140625
2016-06-29,85.94000244140625,82.69000244140625,83.8499984741211,85.0,1754300,85.0
2016-06-30,86.63999938964844,84.08000183105469,85.2300033569336,86.0199966430664,1418500,86.0199966430664
2016-07-01,88.45999908447266,85.16999816894531,85.66999816894531,87.73999786376953,1292700,87.73999786376953
2016-07-05,87.33000183105469,85.52999877929688,87.11000061035156,86.51000213623047,870100,86.51000213623047
2016-07-06,89.9000015258789,85.91999816894531,86.16000366210938,89.66000366210938,1705300,89.66000366210938
2016-07-07,90.83000183105469,89.0,89.69000244140625,90.05000305175781,1254000,90.05000305175781
2016-07-08,90.43000030517578,88.6500015258789,90.08000183105469,88.95999908447266,1794300,88.95999908447266
2016-07-11,90.81999969482422,89.2699966430664,90.08999633789062,90.0999984741211,1388200,90.0999984741211
2016-07-12,91.44999694824219,89.13999938964844,91.0999984741211,89.62999725341797,1547000,89.62999725341797
2016-07-13,90.41000366210938,87.69999694824219,90.31999969482422,87.77999877929688,945700,87.77999877929688
2016-07-14,89.08000183105469,87.5,88.9800033569336,88.1500015258789,990200,88.1500015258789
2016-07-15,90.86000061035156,88.05000305175781,89.33999633789062,90.20999908447266,1309200,90.20999908447266
2016-07-18,90.80000305175781,89.31999969482422,90.05999755859375,89.41999816894531,1127200,89.41999816894531
2016-07-19,89.72000122070312,86.63999938964844,89.08000183105469,87.43000030517578,1112300,87.43000030517578
2016-07-20,91.22000122070312,86.52999877929688,87.30000305175781,91.1500015258789,1309400,91.1500015258789
2016-07-21,93.61000061035156,91.0,91.33999633789062,93.20999908447266,1783300,93.20999908447266
2016-07-22,94.29000091552734,92.69999694824219,93.62999725341797,93.88999938964844,1235500,93.88999938964844
2016-07-25,96.5199966430664,93.45999908447266,93.51000213623047,95.7699966430664,1912000,95.7699966430664
2016-07-26,95.91000366210938,93.87000274658203,95.9000015258789,94.9800033569336,1657900,94.9800033569336
2016-07-27,97.05999755859375,94.6500015258789,94.6500015258789,96.01000213623047,2299200,96.01000213623047
2016-07-28,98.5,95.08000183105469,95.3499984741211,96.20999908447266,1455300,96.20999908447266
2016-07-29,97.06999969482422,95.41000366210938,96.27999877929688,97.0,1012800,97.0
2016-08-01,98.9800033569336,96.8499984741211,97.30999755859375,98.19999694824219,1988600,98.19999694824219
2016-08-02,99.44999694824219,96.01000213623047,97.43000030517578,99.13999938964844,2144300,99.13999938964844
2016-08-03,101.5,99.12000274658203,99.23999786376953,100.44000244140625,1492100,100.44000244140625
2016-08-04,101.0199966430664,98.81999969482422,100.81999969482422,100.27999877929688,1414100,100.27999877929688
2016-08-05,102.94000244140625,99.7699966430664,100.45999908447266,102.43000030517578,1113800,102.43000030517578
2016-08-08,103.08999633789062,100.7300033569336,102.69000244140625,102.47000122070312,1578200,102.47000122070312
2016-08-09,103.7300033569336,102.37999725341797,103.08999633789062,102.83000183105469,1156000,102.83000183105469
2016-08-10,102.77999877929688,99.48999786376953,102.77999877929688,99.69999694824219,1163900,99.69999694824219
2016-08-11,101.27999877929688,99.58999633789062,99.83999633789062,101.20999908447266,744400,101.20999908447266
2016-08-12,101.6500015258789,98.55999755859375,100.79000091552734,101.52999877929688,605300,101.52999877929688
2016-08-15,102.79000091552734,101.5199966430664,101.95999908447266,102.4800033569336,547800,102.4800033569336
2016-08-16,101.94000244140625,99.81999969482422,100.98999786376953,100.0,1183500,100.0
2016-08-17,100.36000061035156,98.80000305175781,100.36000061035156,99.88999938964844,852900,99.88999938964844
2016-08-18,100.13999938964844,98.79000091552734,99.73999786376953,99.0999984741211,744600,99.0999984741211
2016-08-19,98.77999877929688,97.29000091552734,98.75,98.01000213623047,891300,98.01000213623047
2016-08-22,101.80000305175781,98.0,98.77999877929688,100.95999908447266,1346600,100.95999908447266
2016-08-23,102.33999633789062,100.66000366210938,101.16000366210938,100.98999786376953,844300,100.98999786376953
2016-08-24,102.48999786376953,96.2699966430664,101.19999694824219,96.70999908447266,1494500,96.70999908447266
2016-08-25,98.87000274658203,95.16000366210938,97.08999633789062,96.37999725341797,1349400,96.37999725341797
2016-08-26,98.33999633789062,96.12999725341797,96.94000244140625,97.08999633789062,731100,97.08999633789062
2016-08-29,97.7699966430664,95.56999969482422,97.4800033569336,96.94000244140625,595200,96.94000244140625
2016-08-30,97.44999694824219,95.58000183105469,96.7699966430664,95.80000305175781,674400,95.80000305175781
2016-08-31,96.16000366210938,94.01000213623047,95.9800033569336,94.51000213623047,797500,94.51000213623047
2016-09-01,95.87999725341797,93.13999938964844,95.02999877929688,94.75,966600,94.75
2016-09-02,95.54000091552734,93.6500015258789,94.76000213623047,95.11000061035156,843100,95.11000061035156
2016-09-06,96.80999755859375,94.52999877929688,95.18000030517578,95.77999877929688,877600,95.77999877929688
2016-09-07,96.69000244140625,95.16999816894531,95.80000305175781,95.5999984741211,928300,95.5999984741211
2016-09-08,97.80000305175781,94.43000030517578,95.69000244140625,97.30999755859375,1021700,97.30999755859375
2016-09-09,97.30999755859375,93.44000244140625,96.30999755859375,93.68000030517578,1313600,93.68000030517578
2016-09-12,98.05000305175781,93.0999984741211,93.41000366210938,97.86000061035156,1123600,97.86000061035156
2016-09-13,96.83000183105469,93.75,96.61000061035156,95.2699966430664,927300,95.2699966430664
2016-09-14,97.7699966430664,88.16000366210938,95.0199966430664,90.12000274658203,4992600,90.12000274658203
2016-09-15,94.43000030517578,89.3499984741211,90.5999984741211,93.0999984741211,2569300,93.0999984741211
2016-09-16,93.12999725341797,90.66999816894531,92.9000015258789,92.70999908447266,2130300,92.70999908447266
2016-09-19,93.58999633789062,91.08999633789062,93.20999908447266,91.26000213623047,1183200,91.26000213623047
2016-09-20,92.5199966430664,90.9800033569336,92.06999969482422,91.69000244140625,934800,91.69000244140625
2016-09-21,92.70999908447266,89.08000183105469,91.98999786376953,91.81999969482422,1936800,91.81999969482422
2016-09-22,93.3499984741211,90.01000213623047,92.83000183105469,92.12000274658203,1191800,92.12000274658203
2016-09-23,92.95999908447266,90.2699966430664,92.2699966430664,90.62999725341797,1222200,90.62999725341797
2016-09-26,91.2300033569336,88.0999984741211,90.05000305175781,88.29000091552734,1608100,88.29000091552734
2016-09-27,89.19000244140625,87.25,88.2300033569336,89.12000274658203,1520300,89.12000274658203
2016-09-28,90.7300033569336,86.87000274658203,90.51000213623047,88.83999633789062,1715000,88.83999633789062
2016-09-29,90.7699966430664,84.98999786376953,88.44999694824219,85.0,2381100,85.0
2016-09-30,88.91000366210938,83.5,85.25,87.20999908447266,2545700,87.20999908447266
2016-10-03,87.4800033569336,84.62000274658203,86.45999908447266,86.79000091552734,1371300,86.79000091552734
2016-10-04,87.25,85.75,86.94000244140625,86.41999816894531,1081100,86.41999816894531
2016-10-05,88.23999786376953,86.08999633789062,86.8499984741211,87.6500015258789,964400,87.6500015258789
2016-10-06,86.87999725341797,84.87999725341797,86.73999786376953,84.95999908447266,1375000,84.95999908447266
2016-10-07,85.94999694824219,84.2300033569336,85.36000061035156,85.69999694824219,983300,85.69999694824219
2016-10-10,86.94999694824219,85.83000183105469,86.3499984741211,85.9800033569336,799800,85.9800033569336
2016-10-11,86.08000183105469,80.77999877929688,85.1500015258789,81.66000366210938,2329300,81.66000366210938
2016-10-12,82.81999969482422,80.04000091552734,81.80999755859375,80.1500015258789,2255400,80.1500015258789
2016-10-13,81.55999755859375,79.5199966430664,79.55000305175781,80.55999755859375,2114100,80.55999755859375
2016-10-14,82.2300033569336,79.19999694824219,81.12999725341797,79.2300033569336,1977000,79.2300033569336
2016-10-17,81.54000091552734,78.5,79.36000061035156,80.5,1934600,80.5
2016-10-18,83.13999938964844,81.7300033569336,81.7300033569336,82.95999908447266,1510200,82.95999908447266
2016-10-19,82.88999938964844,81.20999908447266,82.79000091552734,81.83000183105469,1318800,81.83000183105469
2016-10-20,83.26000213623047,81.4000015258789,81.4000015258789,82.91999816894531,1045900,82.91999816894531
2016-10-21,82.5999984741211,80.69000244140625,82.33999633789062,80.76000213623047,1142900,80.76000213623047
2016-10-24,80.4000015258789,77.9000015258789,80.0,78.7300033569336,2032700,78.7300033569336
2016-10-25,79.75,77.43000030517578,78.87999725341797,78.70999908447266,2557700,78.70999908447266
2016-10-26,82.80999755859375,76.66999816894531,81.9000015258789,78.70999908447266,4337900,78.70999908447266
2016-10-27,81.05000305175781,75.01000213623047,79.38999938964844,75.83999633789062,3549000,75.83999633789062
2016-10-28,79.30000305175781,74.94999694824219,75.3499984741211,77.58000183105469,3400700,77.58000183105469
2016-10-31,77.87999725341797,75.7699966430664,77.61000061035156,75.86000061035156,1928200,75.86000061035156
2016-11-01,77.98999786376953,73.30999755859375,75.08999633789062,77.87999725341797,2458200,77.87999725341797
2016-11-02,78.43000030517578,76.7699966430664,77.5999984741211,78.0,2580400,78.0
2016-11-03,78.5199966430664,77.55000305175781,78.43000030517578,77.69000244140625,2371000,77.69000244140625
2016-11-04,80.91999816894531,77.38999938964844,77.38999938964844,78.95999908447266,1902100,78.95999908447266
2016-11-07,83.94000244140625,79.30999755859375,80.37999725341797,83.22000122070312,2170100,83.22000122070312
2016-11-08,84.20999908447266,81.8499984741211,82.7300033569336,82.98999786376953,1768000,82.98999786376953
2016-11-09,93.80000305175781,87.79000091552734,88.91999816894531,92.87999725341797,3988000,92.87999725341797
2016-11-10,97.93000030517578,94.05999755859375,94.06999969482422,95.36000061035156,4130900,95.36000061035156
2016-11-11,95.25,89.97000122070312,94.27999877929688,92.0,2631100,92.0
2016-11-14,94.51000213623047,89.63999938964844,92.33000183105469,94.41999816894531,2485100,94.41999816894531
2016-11-15,94.68000030517578,91.95999908447266,94.13999938964844,93.05999755859375,2265700,93.05999755859375
2016-11-16,93.05999755859375,90.43000030517578,92.58000183105469,90.47000122070312,1487000,90.47000122070312
2016-11-17,92.4000015258789,90.01000213623047,90.66999816894531,91.19999694824219,1320100,91.19999694824219
2016-11-18,91.4800033569336,89.0,90.94000244140625,89.44000244140625,1265400,89.44000244140625
2016-11-21,90.51000213623047,88.76000213623047,89.94999694824219,89.05000305175781,1278200,89.05000305175781
2016-11-22,89.75,85.4000015258789,89.31999969482422,86.19999694824219,1765600,86.19999694824219
2016-11-23,87.47000122070312,84.26000213623047,85.37000274658203,87.33999633789062,1040900,87.33999633789062
2016-11-25,87.97000122070312,86.29000091552734,87.70999908447266,87.7699966430664,814400,87.7699966430664
2016-11-28,88.0,86.12999725341797,87.47000122070312,86.9000015258789,1855300,86.9000015258789
2016-11-29,87.5,84.4000015258789,86.20999908447266,85.6500015258789,1745500,85.6500015258789
2016-11-30,86.91000366210938,81.58999633789062,85.86000061035156,81.61000061035156,2292700,81.61000061035156
2016-12-01,82.52999877929688,77.75,81.8499984741211,77.81999969482422,2662600,77.81999969482422
2016-12-02,78.01000213623047,75.37999725341797,77.6500015258789,75.5,4580500,75.5
2016-12-05,77.33000183105469,75.25,76.12999725341797,75.55000305175781,2588600,75.55000305175781
2016-12-06,78.38999938964844,75.04000091552734,75.7699966430664,78.12000274658203,1816700,78.12000274658203
2016-12-07,76.94000244140625,74.08999633789062,76.69999694824219,75.31999969482422,2569100,75.31999969482422
2016-12-08,77.33999633789062,74.58999633789062,75.9800033569336,77.22000122070312,1773400,77.22000122070312
2016-12-09,79.66999816894531,76.27999877929688,77.69999694824219,76.66999816894531,1618500,76.66999816894531
2016-12-12,76.91999816894531,75.23999786376953,76.58000183105469,76.08000183105469,1731700,76.08000183105469
2016-12-13,77.7699966430664,76.08000183105469,76.62000274658203,76.5999984741211,1210100,76.5999984741211
2016-12-14,78.69000244140625,76.0,76.33999633789062,78.33000183105469,3200100,78.33000183105469
2016-12-15,78.62000274658203,76.2699966430664,78.0,77.05000305175781,1972200,77.05000305175781
2016-12-16,78.9000015258789,76.29000091552734,77.3499984741211,76.80000305175781,2280200,76.80000305175781
2016-12-19,78.44999694824219,76.05000305175781,76.45999908447266,76.30000305175781,1555100,76.30000305175781
2016-12-20,76.8499984741211,75.97000122070312,76.44000244140625,76.44000244140625,1327000,76.44000244140625
2016-12-21,76.80000305175781,72.41000366210938,76.30000305175781,72.5999984741211,2845100,72.5999984741211
2016-12-22,73.0,71.45999908447266,72.61000061035156,72.0199966430664,2486200,72.0199966430664
2016-12-23,74.80999755859375,71.95999908447266,72.11000061035156,74.30999755859375,1485200,74.30999755859375
2016-12-27,76.27999877929688,74.31999969482422,74.31999969482422,75.19000244140625,1032800,75.19000244140625
2016-12-28,75.5,74.5199966430664,75.19999694824219,74.58999633789062,1166000,74.58999633789062
2016-12-29,75.01000213623047,73.7300033569336,74.44999694824219,74.44000244140625,938600,74.44000244140625
2016-12-30,74.98999786376953,73.2300033569336,74.66999816894531,73.66999816894531,1357400,73.66999816894531
2017-01-03,74.98999786376953,73.33999633789062,74.43000030517578,74.88999938964844,1761900,74.88999938964844
2017-01-04,78.08999633789062,74.87000274658203,75.22000122070312,77.05000305175781,1667700,77.05000305175781
2017-01-05,79.61000061035156,76.1500015258789,77.1500015258789,79.05999755859375,2354700,79.05999755859375
2017-01-06,79.69999694824219,77.55999755859375,78.94000244140625,79.38999938964844,1669800,79.38999938964844
2017-01-09,83.62000274658203,77.08999633789062,79.80000305175781,82.86000061035156,4522500,82.86000061035156
2017-01-10,83.47000122070312,81.69000244140625,82.5999984741211,82.93000030517578,2109700,82.93000030517578
2017-01-11,85.37000274658203,80.37999725341797,83.16999816894531,81.93000030517578,2785200,81.93000030517578
2017-01-12,82.68000030517578,80.5,81.61000061035156,82.38999938964844,1351700,82.38999938964844
2017-01-13,84.41000366210938,81.70999908447266,82.4000015258789,83.16999816894531,1518600,83.16999816894531
2017-01-17,82.55000305175781,79.77999877929688,82.3499984741211,81.55000305175781,1501500,81.55000305175781
2017-01-18,82.87000274658203,81.58000183105469,81.87999725341797,82.5199966430664,1620700,82.5199966430664
2017-01-19,82.72000122070312,80.51000213623047,82.55000305175781,80.91000366210938,1653000,80.91000366210938
2017-01-20,82.45999908447266,80.88999938964844,81.47000122070312,81.37000274658203,1105600,81.37000274658203
2017-01-23,81.75,80.05999755859375,81.08999633789062,81.4000015258789,1124000,81.4000015258789
2017-01-24,82.5999984741211,80.55000305175781,81.41999816894531,82.23999786376953,1366600,82.23999786376953
2017-01-25,85.62000274658203,82.3499984741211,82.55000305175781,85.19000244140625,2654600,85.19000244140625
2017-01-26,87.91000366210938,84.05000305175781,85.75,85.33000183105469,2531700,85.33000183105469
2017-01-27,87.5,85.0999984741211,85.62000274658203,87.37000274658203,1861100,87.37000274658203
2017-01-30,87.06999969482422,83.77999877929688,87.06999969482422,84.37999725341797,1805700,84.37999725341797
2017-01-31,85.94999694824219,82.66000366210938,83.7699966430664,85.87000274658203,2418400,85.87000274658203
2017-02-01,86.43000030517578,84.33000183105469,85.9800033569336,86.23999786376953,1754700,86.23999786376953
2017-02-02,86.9000015258789,85.16000366210938,85.98999786376953,86.72000122070312,1290800,86.72000122070312
2017-02-03,87.2699966430664,85.7699966430664,87.0999984741211,86.7300033569336,1226800,86.7300033569336
2017-02-06,87.9800033569336,85.7300033569336,86.22000122070312,87.41999816894531,1423800,87.41999816894531
2017-02-07,88.12000274658203,86.06999969482422,87.29000091552734,86.83999633789062,1285200,86.83999633789062
2017-02-08,87.80000305175781,85.79000091552734,86.2699966430664,87.72000122070312,1310100,87.72000122070312
2017-02-09,89.41999816894531,87.69999694824219,88.08999633789062,89.2699966430664,1520000,89.2699966430664
2017-02-10,89.63999938964844,87.88999938964844,89.20999908447266,88.1500015258789,1633800,88.1500015258789
2017-02-13,88.63999938964844,87.25,88.38999938964844,87.72000122070312,1123500,87.72000122070312
2017-02-14,89.26000213623047,87.33999633789062,87.88999938964844,88.91000366210938,2321600,88.91000366210938
2017-02-15,89.45999908447266,88.33999633789062,88.69000244140625,89.37000274658203,1329800,89.37000274658203
2017-02-16,89.94000244140625,87.05000305175781,89.62000274658203,87.69999694824219,1322200,87.69999694824219
2017-02-17,88.9800033569336,86.9000015258789,87.69000244140625,88.33000183105469,1429000,88.33000183105469
2017-02-21,89.0,86.01000213623047,88.33999633789062,86.55000305175781,1665300,86.55000305175781
2017-02-22,87.33000183105469,85.72000122070312,86.55000305175781,85.79000091552734,1263200,85.79000091552734
2017-02-23,86.62999725341797,84.38999938964844,86.19999694824219,85.7300033569336,890800,85.7300033569336
2017-02-24,86.11000061035156,84.62000274658203,85.7300033569336,86.06999969482422,1406800,86.06999969482422
2017-02-27,88.94999694824219,85.83999633789062,86.19000244140625,88.9000015258789,2073700,88.9000015258789
2017-02-28,91.94999694824219,88.79000091552734,89.16999816894531,90.62000274658203,2401900,90.62000274658203
2017-03-01,92.26000213623047,89.83000183105469,91.80000305175781,90.30999755859375,2089400,90.30999755859375
2017-03-02,91.05999755859375,89.56999969482422,89.94000244140625,89.88999938964844,1060900,89.88999938964844
2017-03-03,90.38999938964844,88.94999694824219,89.54000091552734,90.19000244140625,1422600,90.19000244140625
2017-03-06,91.68000030517578,88.87000274658203,89.75,90.91000366210938,1587700,90.91000366210938
2017-03-07,91.69999694824219,89.7699966430664,90.13999938964844,91.31999969482422,1960700,91.31999969482422
2017-03-08,93.4000015258789,91.11000061035156,91.11000061035156,92.18000030517578,1763100,92.18000030517578
2017-03-09,93.5999984741211,91.95999908447266,92.44999694824219,93.56999969482422,1217100,93.56999969482422
2017-03-10,94.22000122070312,92.94999694824219,94.1500015258789,93.9800033569336,1533700,93.9800033569336
2017-03-13,94.23999786376953,92.93000030517578,94.23999786376953,92.94999694824219,897600,92.94999694824219
2017-03-14,93.08999633789062,92.16000366210938,92.5999984741211,92.73999786376953,695200,92.73999786376953
2017-03-15,95.0,93.12999725341797,93.20999908447266,94.56999969482422,1031400,94.56999969482422
2017-03-16,94.86000061035156,91.69999694824219,94.37999725341797,92.36000061035156,1449700,92.36000061035156
2017-03-17,93.5,91.76000213623047,92.97000122070312,91.91999816894531,2501000,91.91999816894531
2017-03-20,92.61000061035156,91.2300033569336,92.0,91.30999755859375,1382500,91.30999755859375
2017-03-21,91.83000183105469,89.44000244140625,91.80999755859375,89.5,1711800,89.5
2017-03-22,90.25,89.05999755859375,89.94999694824219,90.04000091552734,1336700,90.04000091552734
2017-03-23,90.75,88.94000244140625,90.0,89.05000305175781,1043600,89.05000305175781
2017-03-24,90.4800033569336,89.12000274658203,89.73999786376953,89.9800033569336,1064400,89.9800033569336
2017-03-27,91.48999786376953,88.9000015258789,89.27999877929688,90.80000305175781,1383200,90.80000305175781
2017-03-28,90.76000213623047,89.22000122070312,90.30999755859375,89.66999816894531,1561400,89.66999816894531
2017-03-29,111.87999725341797,106.02999877929688,106.02999877929688,108.01000213623047,13681500,108.01000213623047
2017-03-30,109.7300033569336,106.5199966430664,107.87999725341797,107.29000091552734,3024400,107.29000091552734
2017-03-31,109.48999786376953,106.54000091552734,107.88999938964844,109.3499984741211,2849200,109.3499984741211
2017-04-03,110.48999786376953,107.30999755859375,109.01000213623047,107.44999694824219,2040800,107.44999694824219
2017-04-04,112.69000244140625,107.23999786376953,107.23999786376953,112.29000091552734,2913800,112.29000091552734
2017-04-05,116.86000061035156,111.22000122070312,112.3499984741211,114.11000061035156,4032600,114.11000061035156
2017-04-06,114.87999725341797,113.16999816894531,114.11000061035156,114.26000213623047,1959300,114.26000213623047
2017-04-07,117.6500015258789,114.06999969482422,114.3499984741211,115.87999725341797,2108100,115.87999725341797
2017-04-10,116.66000366210938,112.94000244140625,115.66000366210938,114.05999755859375,2116600,114.05999755859375
2017-04-11,114.3499984741211,111.31999969482422,113.41999816894531,114.2300033569336,1794300,114.2300033569336
2017-04-12,115.80000305175781,113.69000244140625,114.2300033569336,114.86000061035156,1161900,114.86000061035156
2017-04-13,116.11000061035156,113.22000122070312,114.69999694824219,113.80000305175781,1600000,113.80000305175781
2017-04-17,115.2300033569336,113.94999694824219,114.38999938964844,114.80999755859375,1183700,114.80999755859375
2017-04-18,115.4800033569336,113.83000183105469,114.62000274658203,114.6500015258789,1136500,114.6500015258789
2017-04-19,116.62999725341797,114.29000091552734,115.55000305175781,114.62999725341797,1570400,114.62999725341797
2017-04-20,117.98999786376953,114.12999725341797,115.19999694824219,117.26000213623047,1495500,117.26000213623047
2017-04-21,117.69000244140625,115.91999816894531,117.16999816894531,116.69999694824219,2803900,116.69999694824219
2017-04-24,118.79000091552734,117.30999755859375,117.66000366210938,117.66000366210938,1503000,117.66000366210938
2017-04-25,118.41000366210938,116.91999816894531,117.79000091552734,117.2699966430664,1243000,117.2699966430664
2017-04-26,118.08000183105469,116.06999969482422,118.08000183105469,116.33999633789062,1759100,116.33999633789062
2017-04-27,118.26000213623047,116.0,116.0,117.41999816894531,1424400,117.41999816894531
2017-04-28,120.5,115.44999694824219,119.5,118.30000305175781,3387200,118.30000305175781
2017-05-01,120.7300033569336,117.98999786376953,118.9800033569336,120.62000274658203,2108800,120.62000274658203
2017-05-02,121.95999908447266,116.4000015258789,120.81999969482422,118.47000122070312,2465400,118.47000122070312
2017-05-03,119.36000061035156,117.87999725341797,118.5199966430664,119.05000305175781,1333300,119.05000305175781
2017-05-04,119.94999694824219,115.91000366210938,119.58999633789062,116.38999938964844,1672700,116.38999938964844
2017-05-05,116.69999694824219,113.66000366210938,116.54000091552734,114.83999633789062,2545100,114.83999633789062
2017-05-08,115.6500015258789,113.80999755859375,114.55999755859375,115.05999755859375,1544400,115.05999755859375
2017-05-09,117.0,114.37999725341797,115.5,116.62999725341797,1185200,116.62999725341797
2017-05-10,116.55000305175781,114.22000122070312,116.55000305175781,115.3499984741211,1414000,115.3499984741211
2017-05-11,115.54000091552734,113.83999633789062,115.41000366210938,115.36000061035156,1395100,115.36000061035156
2017-05-12,116.2300033569336,113.83999633789062,115.12000274658203,114.5999984741211,986000,114.5999984741211
2017-05-15,116.3499984741211,113.80000305175781,114.63999938964844,116.2300033569336,1100500,116.2300033569336
2017-05-16,118.12999725341797,115.12999725341797,117.36000061035156,118.08999633789062,1320400,118.08999633789062
2017-05-17,117.87999725341797,114.19999694824219,117.44000244140625,114.37999725341797,1717900,114.37999725341797
2017-05-18,118.61000061035156,115.41999816894531,115.55000305175781,117.93000030517578,2154800,117.93000030517578
2017-05-19,118.81999969482422,117.0999984741211,117.7699966430664,118.0199966430664,1564700,118.0199966430664
2017-05-22,119.2699966430664,117.51000213623047,118.56999969482422,118.94000244140625,1062000,118.94000244140625
2017-05-23,119.2699966430664,115.87000274658203,118.94000244140625,116.58999633789062,1860000,116.58999633789062
2017-05-24,118.44000244140625,115.0999984741211,116.86000061035156,117.80000305175781,1818300,117.80000305175781
2017-05-25,119.41999816894531,117.37999725341797,118.0,118.5999984741211,1393200,118.5999984741211
2017-05-26,120.81999969482422,118.05000305175781,118.0999984741211,119.91999816894531,1477800,119.91999816894531
2017-05-30,120.98999786376953,119.19000244140625,119.5199966430664,120.38999938964844,1634800,120.38999938964844
2017-05-31,123.77999877929688,120.61000061035156,120.94999694824219,123.5999984741211,2813600,123.5999984741211
2017-06-01,127.88999938964844,123.54000091552734,124.0,127.16000366210938,3356300,127.16000366210938
2017-06-02,130.0,126.98999786376953,128.44000244140625,129.89999389648438,2837100,129.89999389648438
2017-06-05,130.69000244140625,127.22000122070312,127.8499984741211,130.1699981689453,2030000,130.1699981689453
2017-06-06,129.86000061035156,127.51000213623047,129.3800048828125,127.72000122070312,1250600,127.72000122070312
2017-06-07,128.91000366210938,122.93000030517578,128.27000427246094,124.98999786376953,2635200,124.98999786376953
2017-06-08,126.16000366210938,124.06999969482422,125.0,125.91000366210938,1954800,125.91000366210938
2017-06-09,127.08000183105469,122.47000122070312,126.4800033569336,122.66000366210938,1791100,122.66000366210938
2017-06-12,123.54000091552734,121.26000213623047,122.19000244140625,122.3499984741211,2043400,122.3499984741211
2017-06-13,122.75,120.7699966430664,122.37999725341797,122.48999786376953,1344400,122.48999786376953
2017-06-14,125.80000305175781,122.37000274658203,122.77999877929688,124.70999908447266,1759300,124.70999908447266
2017-06-15,124.4800033569336,121.1500015258789,123.76000213623047,124.04000091552734,1017700,124.04000091552734
2017-06-16,124.97000122070312,122.54000091552734,124.05999755859375,123.13999938964844,3152300,123.13999938964844
2017-06-19,126.37000274658203,123.80000305175781,123.98999786376953,125.58000183105469,1509100,125.58000183105469
2017-06-20,127.97000122070312,123.81999969482422,125.54000091552734,126.33000183105469,1737600,126.33000183105469
2017-06-21,134.99000549316406,126.5199966430664,126.72000122070312,134.8300018310547,3239800,134.8300018310547
2017-06-22,137.25999450683594,132.75999450683594,134.64999389648438,135.52999877929688,2890100,135.52999877929688
2017-06-23,137.0,132.1199951171875,136.5800018310547,133.5,2172600,133.5
2017-06-26,135.02999877929688,131.6199951171875,133.8300018310547,133.41000366210938,1289000,133.41000366210938
2017-06-27,133.17999267578125,129.10000610351562,133.14999389648438,129.22999572753906,1723700,129.22999572753906
2017-06-28,131.6199951171875,128.94000244140625,129.69000244140625,131.11000061035156,1191700,131.11000061035156
2017-06-29,130.9199981689453,126.31999969482422,129.66000366210938,127.23999786376953,1368300,127.23999786376953
2017-06-30,132.38999938964844,126.58999633789062,132.1999969482422,128.8699951171875,1582300,128.8699951171875
2017-07-03,129.88999938964844,126.68000030517578,129.49000549316406,128.22999572753906,825200,128.22999572753906
2017-07-05,130.44000244140625,127.33999633789062,128.30999755859375,129.0,1320600,129.0
2017-07-06,128.94000244140625,125.5,127.31999969482422,128.4600067138672,1171800,128.4600067138672
2017-07-07,130.8800048828125,129.1199951171875,129.13999938964844,130.35000610351562,1019900,130.35000610351562
2017-07-10,130.36000061035156,128.63999938964844,129.92999267578125,128.66000366210938,1517300,128.66000366210938
2017-07-11,132.5,129.25999450683594,129.7100067138672,132.1699981689453,1336500,132.1699981689453
2017-07-12,133.6199951171875,130.60000610351562,133.3800048828125,131.44000244140625,1288000,131.44000244140625
2017-07-13,131.74000549316406,128.38999938964844,131.74000549316406,130.9199981689453,1600600,130.9199981689453
2017-07-14,131.80999755859375,130.42999267578125,131.77000427246094,130.99000549316406,1278200,130.99000549316406
2017-07-17,132.0500030517578,128.25999450683594,130.44000244140625,129.2100067138672,1136200,129.2100067138672
2017-07-18,132.3000030517578,127.66999816894531,129.2100067138672,132.16000366210938,3311600,132.16000366210938
2017-07-19,167.0,158.8800048828125,161.8000030517578,159.69000244140625,16800100,159.69000244140625
2017-07-20,161.75999450683594,157.25,159.94000244140625,159.3300018310547,4927400,159.3300018310547
2017-07-21,163.63999938964844,156.52999877929688,158.13999938964844,163.1699981689453,3176400,163.1699981689453
2017-07-24,166.5800018310547,160.91000366210938,162.3300018310547,166.11000061035156,2444500,166.11000061035156
2017-07-25,167.86000061035156,161.72000122070312,166.94000244140625,161.97000122070312,2424100,161.97000122070312
2017-07-26,164.52999877929688,161.6999969482422,162.14999389648438,163.4199981689453,2087200,163.4199981689453
2017-07-27,163.32000732421875,153.5,160.8800048828125,156.19000244140625,3918900,156.19000244140625
2017-07-28,157.1999969482422,153.5800018310547,155.3000030517578,154.14999389648438,1880400,154.14999389648438
2017-07-31,154.49000549316406,151.5399932861328,152.99000549316406,151.82000732421875,2972700,151.82000732421875
2017-08-01,154.07000732421875,150.63999938964844,153.02999877929688,153.1999969482422,1621100,153.1999969482422
2017-08-02,157.91000366210938,151.47000122070312,151.8000030517578,157.5500030517578,1781700,157.5500030517578
2017-08-03,157.27000427246094,152.25999450683594,155.72000122070312,154.02999877929688,1407100,154.02999877929688
2017-08-04,155.1699981689453,153.00999450683594,154.67999267578125,154.5399932861328,807800,154.5399932861328
2017-08-07,156.6300048828125,152.60000610351562,152.60000610351562,156.47000122070312,926300,156.47000122070312
2017-08-08,156.5500030517578,152.89999389648438,156.1199951171875,153.25999450683594,892900,153.25999450683594
2017-08-09,155.08999633789062,152.19000244140625,153.02000427246094,152.5800018310547,1038000,152.5800018310547
2017-08-10,152.0399932861328,148.5,152.00999450683594,148.5399932861328,1302800,148.5399932861328
2017-08-11,154.0800018310547,149.02000427246094,149.35000610351562,153.77999877929688,1551500,153.77999877929688
2017-08-14,155.8699951171875,153.5399932861328,154.52000427246094,154.49000549316406,1081800,154.49000549316406
2017-08-15,155.27999877929688,152.5500030517578,154.4499969482422,152.72000122070312,734900,152.72000122070312
2017-08-16,153.25999450683594,150.30999755859375,152.7899932861328,151.3699951171875,913400,151.3699951171875
2017-08-17,152.41000366210938,148.52000427246094,150.92999267578125,148.5399932861328,1019200,148.5399932861328
2017-08-18,150.11000061035156,147.17999267578125,147.64999389648438,148.1300048828125,887000,148.1300048828125
2017-08-21,150.25999450683594,147.4199981689453,148.0,149.00999450683594,1090100,149.00999450683594
2017-08-22,155.9199981689453,149.19000244140625,149.19000244140625,155.47999572753906,1659700,155.47999572753906
2017-08-23,154.89999389648438,152.0500030517578,154.4600067138672,153.25,989400,153.25
2017-08-24,156.6300048828125,151.10000610351562,153.60000610351562,156.0800018310547,1148700,156.0800018310547
2017-08-25,156.92999267578125,152.25,156.8800048828125,153.27000427246094,943400,153.27000427246094
2017-08-28,154.91000366210938,151.0500030517578,154.63999938964844,153.39999389648438,1187900,153.39999389648438
2017-08-29,154.16000366210938,151.77000427246094,151.86000061035156,152.88999938964844,888400,152.88999938964844
2017-08-30,158.08999633789062,152.52000427246094,152.52000427246094,156.2899932861328,1246900,156.2899932861328
2017-08-31,160.85000610351562,154.02999877929688,156.57000732421875,160.5399932861328,3329500,160.5399932861328
2017-09-01,163.63999938964844,158.85000610351562,160.75999450683594,162.24000549316406,1708700,162.24000549316406
2017-09-05,162.07000732421875,157.0,161.3699951171875,159.07000732421875,1327000,159.07000732421875
2017-09-06,160.8000030517578,156.91000366210938,159.5,157.0800018310547,1328400,157.0800018310547
2017-09-07,159.67999267578125,155.52000427246094,157.0800018310547,159.41000366210938,1236000,159.41000366210938
2017-09-08,161.44000244140625,157.3800048828125,159.61000061035156,158.8300018310547,1064700,158.8300018310547
2017-09-11,161.4600067138672,155.3300018310547,161.0500030517578,157.80999755859375,1519900,157.80999755859375
2017-09-12,157.7899932861328,155.39999389648438,156.64999389648438,156.82000732421875,800600,156.82000732421875
2017-09-13,157.9499969482422,155.6999969482422,156.7899932861328,156.8000030517578,995100,156.8000030517578
2017-09-14,156.55999755859375,152.8800048828125,156.0500030517578,153.3800048828125,1461700,153.3800048828125
2017-09-15,155.9499969482422,152.63999938964844,153.86000061035156,153.61000061035156,3112900,153.61000061035156
2017-09-18,155.11000061035156,151.7899932861328,153.58999633789062,153.1999969482422,1386900,153.1999969482422
2017-09-19,154.10000610351562,151.60000610351562,153.27000427246094,153.0,1428300,153.0
2017-09-20,155.13999938964844,151.50999450683594,153.2899932861328,152.72000122070312,1931400,152.72000122070312
2017-09-21,153.2899932861328,151.69000244140625,153.22000122070312,152.05999755859375,808200,152.05999755859375
2017-09-22,152.07000732421875,148.5800018310547,151.5399932861328,151.25999450683594,1269900,151.25999450683594
2017-09-25,152.7899932861328,148.77000427246094,151.19000244140625,149.10000610351562,1741200,149.10000610351562
2017-09-26,150.82000732421875,148.0,149.85000610351562,148.4600067138672,1762000,148.4600067138672
2017-09-27,150.97999572753906,147.3000030517578,148.86000061035156,149.07000732421875,2112300,149.07000732421875
2017-09-28,150.99000549316406,147.60000610351562,148.60000610351562,149.6199951171875,2111100,149.6199951171875
2017-09-29,152.33999633789062,149.17999267578125,151.2100067138672,152.0399932861328,1500200,152.0399932861328
2017-10-02,153.1699981689453,150.10000610351562,151.22999572753906,152.22999572753906,2057700,152.22999572753906
2017-10-03,152.99000549316406,150.17999267578125,152.2100067138672,152.50999450683594,995000,152.50999450683594
2017-10-04,153.82000732421875,151.36000061035156,152.25999450683594,152.50999450683594,970200,152.50999450683594
2017-10-05,153.57000732421875,150.9600067138672,153.08999633789062,152.3000030517578,1273700,152.3000030517578
2017-10-06,156.4600067138672,152.30999755859375,152.42999267578125,155.10000610351562,1551100,155.10000610351562
2017-10-09,157.2899932861328,154.4600067138672,155.85000610351562,155.5500030517578,1141900,155.5500030517578
2017-10-10,156.22999572753906,153.5,155.19000244140625,154.52000427246094,1055500,154.52000427246094
2017-10-11,154.63999938964844,151.64999389648438,153.85000610351562,154.02000427246094,1757600,154.02000427246094
2017-10-12,154.85000610351562,152.83999633789062,152.92999267578125,153.97999572753906,1535000,153.97999572753906
2017-10-13,155.49000549316406,152.67999267578125,155.0,152.91000366210938,930100,152.91000366210938
2017-10-16,157.77999877929688,153.10000610351562,153.11000061035156,154.6999969482422,2328400,154.6999969482422
2017-10-17,156.0,154.02000427246094,154.5500030517578,155.0500030517578,795400,155.0500030517578
2017-10-18,158.0399932861328,154.02000427246094,155.2899932861328,154.75999450683594,1050400,154.75999450683594
2017-10-19,155.7899932861328,152.4199981689453,154.57000732421875,154.60000610351562,1308800,154.60000610351562
2017-10-20,155.85000610351562,152.60000610351562,154.97000122070312,154.6300048828125,1320400,154.6300048828125
2017-10-23,155.35000610351562,150.67999267578125,155.32000732421875,151.05999755859375,1552200,151.05999755859375
2017-10-24,152.8699951171875,148.33999633789062,151.05999755859375,151.11000061035156,1829600,151.11000061035156
2017-10-25,151.08999633789062,146.0800018310547,150.0800018310547,146.8000030517578,2389000,146.8000030517578
2017-10-26,147.42999267578125,139.0500030517578,144.8800048828125,143.75999450683594,3735300,143.75999450683594
2017-10-27,150.14999389648438,141.02000427246094,141.41000366210938,150.11000061035156,2747600,150.11000061035156
2017-10-30,152.8000030517578,148.8699951171875,149.7100067138672,149.52999877929688,1750500,149.52999877929688
2017-10-31,149.33999633789062,141.82000732421875,149.33999633789062,146.22999572753906,2457100,146.22999572753906
2017-11-01,147.35000610351562,142.38999938964844,147.35000610351562,142.6300048828125,2412600,142.6300048828125
2017-11-02,146.50999450683594,142.00999450683594,142.00999450683594,144.89999389648438,2050000,144.89999389648438
2017-11-03,150.0800018310547,142.99000549316406,143.0500030517578,149.97000122070312,1884900,149.97000122070312
2017-11-06,150.58999633789062,146.8300018310547,148.1699981689453,148.97999572753906,1608300,148.97999572753906
2017-11-07,151.33999633789062,148.32000732421875,149.02999877929688,151.30999755859375,1385000,151.30999755859375
2017-11-08,152.0,146.69000244140625,151.50999450683594,147.39999389648438,1191700,147.39999389648438
2017-11-09,148.5,144.32000732421875,146.25999450683594,148.1699981689453,1132400,148.1699981689453
2017-11-10,149.27000427246094,146.10000610351562,148.25999450683594,148.74000549316406,861000,148.74000549316406
2017-11-13,148.72999572753906,146.25,147.44000244140625,148.02999877929688,743600,148.02999877929688
2017-11-14,149.0500030517578,145.4199981689453,147.39999389648438,147.82000732421875,1209100,147.82000732421875
2017-11-15,151.75,146.3000030517578,147.2899932861328,148.66000366210938,1086600,148.66000366210938
2017-11-16,150.3300018310547,147.75,148.77000427246094,147.94000244140625,1516400,147.94000244140625
2017-11-17,148.7899932861328,146.64999389648438,147.6999969482422,147.41000366210938,903600,147.41000366210938
2017-11-20,147.4600067138672,143.42999267578125,146.9199981689453,144.63999938964844,1451600,144.63999938964844
2017-11-21,146.36000061035156,143.50999450683594,145.7100067138672,145.11000061035156,1501100,145.11000061035156
2017-11-22,147.38999938964844,144.80999755859375,145.4199981689453,147.0399932861328,907000,147.0399932861328
2017-11-24,147.89999389648438,146.0399932861328,146.0800018310547,146.5500030517578,661000,146.5500030517578
2017-11-27,149.2899932861328,146.72000122070312,146.83999633789062,148.5500030517578,1197700,148.5500030517578
2017-11-28,149.0,146.0500030517578,148.86000061035156,147.32000732421875,1117000,147.32000732421875
2017-11-29,148.33999633789062,142.44000244140625,147.00999450683594,143.75,1313900,143.75
2017-11-30,146.10000610351562,143.9499969482422,144.19000244140625,144.2899932861328,1739300,144.2899932861328
2017-12-01,144.6999969482422,139.86000061035156,143.08999633789062,140.7899932861328,2448300,140.7899932861328
2017-12-04,142.6999969482422,138.6699981689453,141.99000549316406,138.7899932861328,2127700,138.7899932861328
2017-12-05,141.6699981689453,138.02000427246094,138.60000610351562,138.36000061035156,1374000,138.36000061035156
2017-12-06,139.41000366210938,136.8300018310547,138.3000030517578,137.27999877929688,1582700,137.27999877929688
2017-12-07,140.85000610351562,136.5,137.9199981689453,138.77999877929688,1687500,138.77999877929688
2017-12-08,144.8000030517578,139.11000061035156,139.8000030517578,143.61000061035156,1725500,143.61000061035156
2017-12-11,143.91000366210938,139.8000030517578,143.72999572753906,141.67999267578125,1475200,141.67999267578125
2017-12-12,142.0800018310547,140.0399932861328,140.0399932861328,140.91000366210938,1010200,140.91000366210938
2017-12-13,146.36000061035156,141.5500030517578,141.92999267578125,144.8000030517578,2024200,144.8000030517578
2017-12-14,146.32000732421875,142.27999877929688,145.57000732421875,142.52999877929688,1411300,142.52999877929688
2017-12-15,145.9600067138672,142.0500030517578,143.97000122070312,145.86000061035156,3246100,145.86000061035156
2017-12-18,147.94000244140625,145.1699981689453,146.99000549316406,145.44000244140625,1231900,145.44000244140625
2017-12-19,147.33999633789062,144.27000427246094,145.57000732421875,145.14999389648438,1051100,145.14999389648438
2017-12-20,146.25999450683594,144.36000061035156,145.0500030517578,145.1199951171875,813600,145.1199951171875
2017-12-21,149.97999572753906,144.67999267578125,145.22999572753906,148.82000732421875,2290100,148.82000732421875
2017-12-22,151.10000610351562,147.8000030517578,148.1999969482422,149.97000122070312,1459200,149.97000122070312
2017-12-26,151.49000549316406,149.5,149.5,150.60000610351562,777700,150.60000610351562
2017-12-27,152.6999969482422,150.3000030517578,151.1300048828125,151.5500030517578,939100,151.5500030517578
2017-12-28,152.49000549316406,148.75,152.19000244140625,151.1699981689453,957400,151.1699981689453
2017-12-29,151.66000366210938,149.75,150.4499969482422,149.86000061035156,881900,149.86000061035156
2018-01-02,153.3000030517578,147.72000122070312,150.0,152.91000366210938,1382000,152.91000366210938
2018-01-03,153.5,148.5800018310547,153.5,152.00999450683594,1604000,152.00999450683594
2018-01-04,153.97000122070312,151.6300048828125,153.38999938964844,153.07000732421875,1345100,153.07000732421875
2018-01-05,157.35000610351562,154.10000610351562,155.5399932861328,155.69000244140625,1940000,155.69000244140625
2018-01-08,157.2100067138672,153.35000610351562,155.14999389648438,156.88999938964844,1987000,156.88999938964844
2018-01-09,157.8800048828125,154.50999450683594,156.80999755859375,156.00999450683594,1487700,156.00999450683594
2018-01-10,157.8699951171875,154.2100067138672,156.0,157.3800048828125,1701000,157.3800048828125
2018-01-11,159.0500030517578,156.6199951171875,158.0,158.39999389648438,950600,158.39999389648438
2018-01-12,158.4199981689453,156.35000610351562,157.16000366210938,157.92999267578125,1561100,157.92999267578125
2018-01-16,159.8699951171875,155.13999938964844,158.27999877929688,155.7100067138672,1834800,155.7100067138672
2018-01-17,157.94000244140625,155.25999450683594,157.74000549316406,156.99000549316406,1270100,156.99000549316406
2018-01-18,157.50999450683594,154.22000122070312,156.36000061035156,157.19000244140625,1250900,157.19000244140625
2018-01-19,159.5,156.32000732421875,157.3000030517578,157.97000122070312,2085300,157.97000122070312
2018-01-22,161.9499969482422,157.97999572753906,158.75999450683594,161.91000366210938,1689000,161.91000366210938
2018-01-23,167.30999755859375,163.24000549316406,163.6999969482422,166.5800018310547,3058700,166.5800018310547
2018-01-24,169.2899932861328,165.3800048828125,167.0800018310547,167.4499969482422,2492700,167.4499969482422
2018-01-25,169.11000061035156,165.94000244140625,168.69000244140625,166.24000549316406,1270600,166.24000549316406
2018-01-26,169.3000030517578,166.10000610351562,167.13999938964844,169.2100067138672,1495100,169.2100067138672
2018-01-29,171.25999450683594,166.4199981689453,169.1300048828125,167.13999938964844,1828700,167.13999938964844
2018-01-30,168.0800018310547,164.0,166.3699951171875,166.5399932861328,2184600,166.5399932861328
2018-01-31,168.58999633789062,164.52999877929688,166.72000122070312,166.8699951171875,2323800,166.8699951171875
2018-02-01,174.9600067138672,163.1699981689453,174.11000061035156,172.99000549316406,5090000,172.99000549316406
2018-02-02,169.9600067138672,163.63999938964844,169.4199981689453,166.24000549316406,3455100,166.24000549316406
2018-02-05,165.8699951171875,155.02999877929688,163.0800018310547,155.13999938964844,2906900,155.13999938964844
2018-02-06,159.7899932861328,151.35000610351562,152.6300048828125,159.27000427246094,3114600,159.27000427246094
2018-02-07,160.11000061035156,155.6199951171875,157.10000610351562,155.6699981689453,1812900,155.6699981689453
2018-02-08,157.6199951171875,151.58999633789062,155.32000732421875,151.60000610351562,2854000,151.60000610351562
2018-02-09,154.6300048828125,146.2100067138672,152.9199981689453,152.9600067138672,2719800,152.9600067138672
2018-02-12,154.17999267578125,148.61000061035156,153.41000366210938,152.00999450683594,2242200,152.00999450683594
2018-02-13,155.49000549316406,150.99000549316406,151.39999389648438,154.13999938964844,1624500,154.13999938964844
2018-02-14,158.24000549316406,152.32000732421875,152.6300048828125,157.25999450683594,1992100,157.25999450683594
2018-02-15,161.0800018310547,157.16000366210938,158.36000061035156,160.94000244140625,1244700,160.94000244140625
2018-02-16,162.07000732421875,159.38999938964844,160.85000610351562,160.72000122070312,1001900,160.72000122070312
2018-02-20,164.00999450683594,158.00999450683594,158.49000549316406,160.97999572753906,1136400,160.97999572753906
2018-02-21,161.72000122070312,157.8300018310547,160.6300048828125,157.88999938964844,1160800,157.88999938964844
2018-02-22,162.32000732421875,157.0,161.5,157.58999633789062,1654800,157.58999633789062
2018-02-23,165.97999572753906,158.10000610351562,159.00999450683594,165.89999389648438,1591100,165.89999389648438
2018-02-26,170.36000061035156,166.02999877929688,166.9199981689453,169.5399932861328,1779300,169.5399932861328
2018-02-27,170.88999938964844,165.72000122070312,168.99000549316406,165.8800048828125,1635800,165.8800048828125
2018-02-28,169.5399932861328,164.6300048828125,166.6999969482422,166.02999877929688,2055500,166.02999877929688
2018-03-01,168.0,163.61000061035156,165.67999267578125,165.8300018310547,2028700,165.8300018310547
2018-03-02,170.22000122070312,161.88999938964844,163.0800018310547,170.05999755859375,2111900,170.05999755859375
2018-03-05,173.4499969482422,167.1699981689453,168.49000549316406,173.16000366210938,1882400,173.16000366210938
2018-03-06,173.85000610351562,166.0500030517578,173.3300018310547,168.72000122070312,2176800,168.72000122070312
2018-03-07,170.77000427246094,167.91000366210938,167.94000244140625,170.1699981689453,1215800,170.1699981689453
2018-03-08,171.97999572753906,169.17999267578125,170.38999938964844,171.8800048828125,1060700,171.8800048828125
2018-03-09,176.30999755859375,171.75999450683594,173.25999450683594,176.25999450683594,1415300,176.25999450683594
2018-03-12,178.14999389648438,174.8000030517578,176.5,177.1300048828125,1357600,177.1300048828125
2018-03-13,178.14999389648438,174.5399932861328,176.5,174.9600067138672,1989500,174.9600067138672
2018-03-14,176.47999572753906,172.82000732421875,176.14999389648438,174.3800048828125,1036300,174.3800048828125
2018-03-15,176.64999389648438,173.07000732421875,174.57000732421875,173.97000122070312,952500,173.97000122070312
2018-03-16,176.4199981689453,173.25,174.83999633789062,175.66000366210938,2462100,175.66000366210938
2018-03-19,175.27999877929688,168.1199951171875,174.6199951171875,170.77000427246094,1161500,170.77000427246094
2018-03-20,172.6699981689453,169.63999938964844,171.9199981689453,171.47000122070312,1674300,171.47000122070312
2018-03-21,172.4199981689453,168.60000610351562,171.94000244140625,170.33999633789062,1050000,170.33999633789062
2018-03-22,170.3800048828125,165.5500030517578,167.8300018310547,166.10000610351562,1095500,166.10000610351562
2018-03-23,166.47000122070312,160.74000549316406,165.8300018310547,160.92999267578125,1319400,160.92999267578125
2018-03-26,166.35000610351562,160.27000427246094,163.85000610351562,166.10000610351562,1327300,166.10000610351562
2018-03-27,168.27999877929688,159.2899932861328,167.6300048828125,160.33999633789062,1289300,160.33999633789062
2018-03-28,162.58999633789062,158.36000061035156,160.92999267578125,159.5800018310547,1443700,159.5800018310547
2018-03-29,165.50999450683594,158.75999450683594,159.8300018310547,162.97999572753906,1527200,162.97999572753906
2018-04-02,161.99000549316406,153.42999267578125,161.52999877929688,156.30999755859375,1804500,156.30999755859375
2018-04-03,159.5500030517578,153.91000366210938,155.86000061035156,158.36000061035156,1542300,158.36000061035156
2018-04-04,162.4499969482422,154.60000610351562,156.3699951171875,162.1199951171875,1832000,162.1199951171875
2018-04-05,163.49000549316406,157.1199951171875,162.82000732421875,157.66000366210938,1352800,157.66000366210938
2018-04-06,157.58999633789062,152.60000610351562,155.74000549316406,154.25,1446300,154.25
2018-04-09,160.38999938964844,155.6699981689453,156.25999450683594,156.75999450683594,1235400,156.75999450683594
2018-04-10,161.72000122070312,157.77000427246094,159.0399932861328,161.1699981689453,1264200,161.1699981689453
2018-04-11,162.94000244140625,158.10000610351562,159.52000427246094,158.88999938964844,1527000,158.88999938964844
2018-04-12,163.4499969482422,159.5399932861328,159.5399932861328,161.97999572753906,1079900,161.97999572753906
2018-04-13,163.0800018310547,160.41000366210938,163.0800018310547,161.38999938964844,1486100,161.38999938964844
2018-04-16,163.7100067138672,158.07000732421875,163.00999450683594,158.6999969482422,1482900,158.6999969482422
2018-04-17,165.60000610351562,159.4499969482422,160.5399932861328,164.99000549316406,2399400,164.99000549316406
2018-04-18,166.1199951171875,162.66000366210938,165.0,163.36000061035156,1122100,163.36000061035156
2018-04-19,162.82000732421875,159.0399932861328,162.3300018310547,159.5500030517578,1235600,159.5500030517578
2018-04-20,160.77999877929688,157.08999633789062,159.61000061035156,158.14999389648438,1534700,158.14999389648438
2018-04-23,160.1300048828125,157.74000549316406,158.7100067138672,158.69000244140625,1154600,158.69000244140625
2018-04-24,160.5,154.69000244140625,160.27000427246094,155.6699981689453,1504900,155.6699981689453
2018-04-25,157.4199981689453,154.1300048828125,155.49000549316406,155.14999389648438,1313100,155.14999389648438
2018-04-26,160.85000610351562,155.8300018310547,156.60000610351562,158.80999755859375,1991100,158.80999755859375
2018-04-27,159.0500030517578,153.3300018310547,157.5,156.0500030517578,1866400,156.0500030517578
2018-04-30,157.7899932861328,153.14999389648438,157.16000366210938,153.16000366210938,1717300,153.16000366210938
2018-05-01,154.6999969482422,150.39999389648438,153.13999938964844,152.47999572753906,1648600,152.47999572753906
2018-05-02,153.16000366210938,148.9600067138672,151.32000732421875,149.47000122070312,2565200,149.47000122070312
2018-05-03,150.3000030517578,145.77999877929688,148.32000732421875,149.63999938964844,1518900,149.63999938964844
2018-05-04,152.13999938964844,147.7899932861328,148.25999450683594,149.38999938964844,2263800,149.38999938964844
2018-05-07,151.80999755859375,148.63999938964844,150.5399932861328,149.5,1448800,149.5
2018-05-08,150.0,146.9499969482422,149.4499969482422,148.27000427246094,1147000,148.27000427246094
2018-05-09,150.13999938964844,146.6699981689453,148.64999389648438,149.07000732421875,1419600,149.07000732421875
2018-05-10,151.66000366210938,149.0800018310547,150.1300048828125,151.00999450683594,1267600,151.00999450683594
2018-05-11,157.52999877929688,150.6199951171875,150.75,155.97000122070312,2242900,155.97000122070312
2018-05-14,158.4600067138672,155.38999938964844,156.11000061035156,157.4600067138672,1442400,157.4600067138672
2018-05-15,155.7899932861328,153.94000244140625,155.77999877929688,155.5399932861328,1370000,155.5399932861328
2018-05-16,156.4499969482422,154.39999389648438,155.7899932861328,156.16000366210938,1240700,156.16000366210938
2018-05-17,157.16000366210938,155.2899932861328,156.19000244140625,156.33999633789062,1147500,156.33999633789062
2018-05-18,157.52000427246094,155.3300018310547,156.61000061035156,157.24000549316406,998500,157.24000549316406
2018-05-21,158.16000366210938,155.3300018310547,157.83999633789062,156.22000122070312,1199200,156.22000122070312
2018-05-22,158.22000122070312,155.8000030517578,157.10000610351562,156.27999877929688,956400,156.27999877929688
2018-05-23,157.32000732421875,155.30999755859375,155.5,156.97999572753906,791200,156.97999572753906
2018-05-24,157.7100067138672,155.52999877929688,156.99000549316406,156.97000122070312,634400,156.97000122070312
2018-05-25,157.89999389648438,156.22000122070312,157.0,157.5,653600,157.5
2018-05-29,157.75999450683594,153.27000427246094,156.60000610351562,155.24000549316406,1142300,155.24000549316406
2018-05-30,157.57000732421875,155.5500030517578,156.13999938964844,156.63999938964844,1164400,156.63999938964844
2018-05-31,157.07000732421875,153.52000427246094,155.49000549316406,154.0,1649400,154.0
2018-06-01,154.99000549316406,150.5,154.86000061035156,152.0500030517578,2176800,152.0500030517578
2018-06-04,153.0,148.1999969482422,152.0500030517578,149.64999389648438,2661000,149.64999389648438
2018-06-05,150.39999389648438,144.13999938964844,149.7100067138672,145.72000122070312,2957800,145.72000122070312
2018-06-06,146.9499969482422,144.07000732421875,145.72000122070312,145.97000122070312,3087500,145.97000122070312
2018-06-07,149.69000244140625,145.55999755859375,147.10000610351562,145.75,2183200,145.75
2018-06-08,151.25999450683594,145.97999572753906,145.97999572753906,150.5500030517578,1791100,150.5500030517578
2018-06-11,151.2899932861328,147.42999267578125,150.6699981689453,148.6300048828125,1460300,148.6300048828125
2018-06-12,151.72999572753906,148.1699981689453,148.8800048828125,150.99000549316406,1539700,150.99000549316406
2018-06-13,153.38999938964844,150.52999877929688,151.11000061035156,151.94000244140625,1307700,151.94000244140625
2018-06-14,155.58999633789062,152.0,152.44000244140625,154.99000549316406,1384600,154.99000549316406
2018-06-15,156.3000030517578,154.11000061035156,155.50999450683594,155.02000427246094,2890200,155.02000427246094
2018-06-18,153.97000122070312,151.41000366210938,153.89999389648438,151.69000244140625,1371700,151.69000244140625
2018-06-19,155.0800018310547,149.6699981689453,150.00999450683594,154.5,1551200,154.5
2018-06-20,158.19000244140625,153.75,154.4600067138672,157.6300048828125,1385400,157.6300048828125
2018-06-21,157.8800048828125,155.5800018310547,157.8800048828125,156.57000732421875,835400,156.57000732421875
2018-06-22,160.27999877929688,155.75999450683594,157.08999633789062,159.19000244140625,2203500,159.19000244140625
2018-06-25,160.1699981689453,152.91000366210938,158.72000122070312,154.75999450683594,1491800,154.75999450683594
2018-06-26,155.5,151.00999450683594,154.41000366210938,151.5,1813900,151.5
2018-06-27,151.89999389648438,147.22000122070312,151.75999450683594,147.5,2075400,147.5
2018-06-28,148.52000427246094,145.3699951171875,147.7899932861328,147.58999633789062,1368400,147.58999633789062
2018-06-29,172.0,161.5,161.5,169.9600067138672,6716400,169.9600067138672
2018-07-02,169.66000366210938,164.6999969482422,168.39999389648438,169.61000061035156,2283600,169.61000061035156
2018-07-03,170.0,167.27999877929688,170.0,167.72999572753906,1059900,167.72999572753906
2018-07-05,169.9499969482422,166.7100067138672,168.3800048828125,169.49000549316406,1178600,169.49000549316406
2018-07-06,173.63999938964844,169.4199981689453,170.0,173.4499969482422,1518900,173.4499969482422
2018-07-09,174.6199951171875,171.80999755859375,174.3699951171875,174.16000366210938,1334700,174.16000366210938
2018-07-10,175.7100067138672,172.9499969482422,174.91000366210938,175.11000061035156,1600000,175.11000061035156
2018-07-11,175.69000244140625,173.0,173.8300018310547,175.00999450683594,1618400,175.00999450683594
2018-07-12,178.3300018310547,175.02000427246094,175.02000427246094,178.27000427246094,1181100,178.27000427246094
2018-07-13,181.60000610351562,177.89999389648438,178.35000610351562,180.5,1457300,180.5
2018-07-16,182.41000366210938,179.5500030517578,179.85000610351562,181.22000122070312,1961500,181.22000122070312
2018-07-17,183.38999938964844,179.82000732421875,180.5800018310547,182.58999633789062,1133000,182.58999633789062
2018-07-18,182.33999633789062,180.5800018310547,182.0,181.1300048828125,1138500,181.1300048828125
2018-07-19,180.92999267578125,178.52000427246094,180.1300048828125,180.1199951171875,1080500,180.1199951171875
2018-07-20,180.13999938964844,176.7100067138672,180.1199951171875,177.39999389648438,1606400,177.39999389648438
2018-07-23,178.6699981689453,176.16000366210938,176.2899932861328,176.5399932861328,1388700,176.5399932861328
2018-07-24,178.6699981689453,174.38999938964844,178.44000244140625,174.8800048828125,1705000,174.8800048828125
2018-07-25,177.4199981689453,173.99000549316406,174.77999877929688,176.80999755859375,1524500,176.80999755859375
2018-07-26,178.85000610351562,169.3300018310547,178.61000061035156,175.8699951171875,2400700,175.8699951171875
2018-07-27,176.2899932861328,169.52000427246094,175.17999267578125,172.10000610351562,1392100,172.10000610351562
2018-07-30,175.33999633789062,169.97000122070312,170.64999389648438,174.4199981689453,1534200,174.4199981689453
2018-07-31,175.74000549316406,173.5800018310547,175.0500030517578,175.0500030517578,1529400,175.0500030517578
2018-08-01,177.92999267578125,174.0399932861328,175.25999450683594,177.8699951171875,1384500,177.8699951171875
2018-08-02,179.86000061035156,173.50999450683594,174.58999633789062,177.88999938964844,1684300,177.88999938964844
2018-08-03,178.08999633789062,173.75999450683594,174.1999969482422,174.5399932861328,1118000,174.5399932861328
2018-08-06,175.99000549316406,173.25999450683594,175.5500030517578,174.91000366210938,761500,174.91000366210938
2018-08-07,178.0,175.47999572753906,175.94000244140625,177.50999450683594,1097800,177.50999450683594
2018-08-08,178.39999389648438,175.25,177.25,175.3000030517578,903500,175.3000030517578
2018-08-09,177.4499969482422,174.9499969482422,175.74000549316406,175.0500030517578,837000,175.0500030517578
2018-08-10,175.9600067138672,173.86000061035156,174.41000366210938,174.82000732421875,568000,174.82000732421875
2018-08-13,176.14999389648438,174.17999267578125,175.1300048828125,175.0500030517578,810400,175.0500030517578
2018-08-14,177.3000030517578,175.30999755859375,175.30999755859375,175.92999267578125,566700,175.92999267578125
2018-08-15,175.64999389648438,171.80999755859375,174.3800048828125,173.0,907500,173.0
2018-08-16,176.27999877929688,173.08999633789062,174.17999267578125,174.9600067138672,732500,174.9600067138672
2018-08-17,177.0,173.58999633789062,174.66000366210938,176.0800018310547,981700,176.0800018310547
2018-08-20,176.8300018310547,173.6199951171875,176.6199951171875,175.7100067138672,946700,175.7100067138672
2018-08-21,178.42999267578125,175.0399932861328,175.74000549316406,176.86000061035156,919200,176.86000061035156
2018-08-22,178.22999572753906,176.02000427246094,176.80999755859375,177.72000122070312,616400,177.72000122070312
2018-08-23,177.72000122070312,174.60000610351562,177.72000122070312,176.02000427246094,681000,176.02000427246094
2018-08-24,177.27999877929688,175.10000610351562,176.4499969482422,176.83999633789062,905200,176.83999633789062
2018-08-27,179.63999938964844,177.60000610351562,177.97999572753906,179.32000732421875,825600,179.32000732421875
2018-08-28,182.22000122070312,178.8300018310547,180.36000061035156,180.8699951171875,1257600,180.8699951171875
2018-08-29,186.44000244140625,180.89999389648438,180.89999389648438,184.86000061035156,1277500,184.86000061035156
2018-08-30,186.19000244140625,184.3699951171875,185.0,186.02999877929688,968900,186.02999877929688
2018-08-31,185.8800048828125,183.72000122070312,185.16000366210938,184.39999389648438,1302100,184.39999389648438
2018-09-04,184.58999633789062,181.6699981689453,183.22999572753906,183.30999755859375,1371100,183.30999755859375
2018-09-05,184.74000549316406,181.5,183.0,183.2100067138672,1027900,183.2100067138672
2018-09-06,183.32000732421875,178.1999969482422,182.50999450683594,180.0500030517578,890700,180.0500030517578
2018-09-07,180.7899932861328,177.00999450683594,178.75999450683594,179.47000122070312,1204400,179.47000122070312
2018-09-10,180.57000732421875,177.97999572753906,180.0,179.27999877929688,797500,179.27999877929688
2018-09-11,180.25,177.33999633789062,178.92999267578125,178.61000061035156,1077700,178.61000061035156
2018-09-12,179.97999572753906,177.08999633789062,179.4600067138672,178.33999633789062,860800,178.33999633789062
2018-09-13,181.11000061035156,178.00999450683594,179.3699951171875,179.86000061035156,830400,179.86000061035156
2018-09-14,181.8800048828125,177.77000427246094,180.50999450683594,179.00999450683594,847300,179.00999450683594
2018-09-17,179.58999633789062,175.47000122070312,179.0,175.8000030517578,878100,175.8000030517578
2018-09-18,178.4600067138672,174.22999572753906,175.8800048828125,177.1199951171875,964900,177.1199951171875
2018-09-19,177.5500030517578,175.8000030517578,177.33999633789062,176.60000610351562,732200,176.60000610351562
2018-09-20,181.3800048828125,177.38999938964844,177.38999938964844,180.52000427246094,784800,180.52000427246094
2018-09-21,182.0,179.33999633789062,181.3000030517578,180.0800018310547,1642000,180.0800018310547
2018-09-24,182.5,179.42999267578125,179.42999267578125,182.1699981689453,706300,182.1699981689453
2018-09-25,184.16000366210938,182.27999877929688,183.47999572753906,182.64999389648438,835800,182.64999389648438
2018-09-26,189.2899932861328,182.6699981689453,182.6699981689453,186.64999389648438,1712100,186.64999389648438
2018-09-27,190.0,187.5,188.0,189.74000549316406,1381100,189.74000549316406
2018-09-28,193.77999877929688,189.44000244140625,189.74000549316406,192.74000549316406,2148200,192.74000549316406
2018-10-01,194.9199981689453,191.38999938964844,193.24000549316406,191.57000732421875,1841400,191.57000732421875
2018-10-02,192.6199951171875,190.7899932861328,191.83999633789062,191.92999267578125,941200,191.92999267578125
2018-10-03,193.05999755859375,191.35000610351562,192.1300048828125,192.2100067138672,1000900,192.2100067138672
2018-10-04,192.6199951171875,187.10000610351562,191.5800018310547,188.6199951171875,935500,188.6199951171875
2018-10-05,191.5,185.3699951171875,188.63999938964844,188.0500030517578,859800,188.0500030517578
2018-10-08,187.6999969482422,183.6300048828125,186.9499969482422,185.33999633789062,852200,185.33999633789062
2018-10-09,187.9600067138672,184.77999877929688,185.33999633789062,185.66000366210938,1087300,185.66000366210938
2018-10-10,185.61000061035156,176.22000122070312,184.9199981689453,176.42999267578125,1565400,176.42999267578125
2018-10-11,177.83999633789062,171.66000366210938,175.49000549316406,175.66000366210938,2395200,175.66000366210938
2018-10-12,182.19000244140625,175.89999389648438,177.1999969482422,181.32000732421875,1257500,181.32000732421875
2018-10-15,181.0,177.58999633789062,180.8000030517578,177.64999389648438,1064200,177.64999389648438
2018-10-16,185.77999877929688,178.4499969482422,178.8699951171875,185.4499969482422,1136700,185.4499969482422
2018-10-17,185.83999633789062,181.72000122070312,185.25999450683594,185.47999572753906,886900,185.47999572753906
2018-10-18,184.2899932861328,173.8000030517578,184.2899932861328,178.89999389648438,2643400,178.89999389648438
2018-10-19,181.1300048828125,175.0500030517578,179.35000610351562,175.69000244140625,1905500,175.69000244140625
2018-10-22,178.61000061035156,172.6999969482422,175.52999877929688,177.39999389648438,1513400,177.39999389648438
2018-10-23,177.02999877929688,170.8000030517578,175.86000061035156,174.1699981689453,1960500,174.1699981689453
2018-10-24,175.74000549316406,162.52999877929688,175.02000427246094,163.08999633789062,2053400,163.08999633789062
2018-10-25,167.0,153.0,157.0,165.61000061035156,2800100,165.61000061035156
2018-10-26,171.38999938964844,160.67999267578125,162.10000610351562,169.47999572753906,2659500,169.47999572753906
2018-10-29,174.97999572753906,167.35000610351562,173.49000549316406,170.33999633789062,2700800,170.33999633789062
2018-10-30,173.4600067138672,168.4600067138672,171.6699981689453,171.49000549316406,1441900,171.49000549316406
2018-10-31,174.27999877929688,169.4199981689453,172.6199951171875,169.4600067138672,1607500,169.4600067138672
2018-11-01,175.75,169.25,169.50999450683594,175.19000244140625,1369000,175.19000244140625
2018-11-02,177.25,171.11000061035156,175.36000061035156,173.2899932861328,1338100,173.2899932861328
2018-11-05,175.14999389648438,171.6999969482422,172.0800018310547,174.58999633789062,801400,174.58999633789062
2018-11-06,178.35000610351562,174.1199951171875,175.2100067138672,175.22999572753906,920200,175.22999572753906
2018-11-07,184.13999938964844,176.55999755859375,177.33999633789062,183.8800048828125,1536000,183.8800048828125
2018-11-08,185.57000732421875,179.6300048828125,183.91000366210938,180.25999450683594,1101800,180.25999450683594
2018-11-09,180.55999755859375,176.7899932861328,179.61000061035156,180.5500030517578,1845500,180.5500030517578
2018-11-12,181.4499969482422,171.6999969482422,180.5500030517578,172.85000610351562,1754100,172.85000610351562
2018-11-13,175.8000030517578,170.07000732421875,174.07000732421875,170.30999755859375,955700,170.30999755859375
2018-11-14,173.32000732421875,163.1300048828125,171.97999572753906,164.5800018310547,1502600,164.5800018310547
2018-11-15,167.69000244140625,162.6699981689453,163.75,166.6699981689453,1648100,166.6699981689453
2018-11-16,167.99000549316406,164.6699981689453,166.25999450683594,165.11000061035156,1924100,165.11000061035156
2018-11-19,165.57000732421875,159.77000427246094,164.75999450683594,161.07000732421875,1362900,161.07000732421875
2018-11-20,161.9199981689453,157.2899932861328,161.35000610351562,159.75999450683594,1658200,159.75999450683594
2018-11-21,162.47999572753906,159.05999755859375,160.57000732421875,160.25,874200,160.25
2018-11-23,161.99000549316406,157.39999389648438,158.75999450683594,160.38999938964844,346800,160.38999938964844
2018-11-26,167.6999969482422,162.88999938964844,164.3000030517578,167.39999389648438,1604000,167.39999389648438
2018-11-27,176.60000610351562,168.42999267578125,168.42999267578125,175.4499969482422,2327600,175.4499969482422
2018-11-28,178.4199981689453,172.33999633789062,175.50999450683594,178.3800048828125,1445100,178.3800048828125
2018-11-29,181.64999389648438,176.88999938964844,176.88999938964844,179.4499969482422,976400,179.4499969482422
2018-11-30,181.0,178.3300018310547,179.60000610351562,180.7899932861328,1096000,180.7899932861328
2018-12-03,186.7899932861328,181.9199981689453,182.60000610351562,184.64999389648438,1692900,184.64999389648438
2018-12-04,187.75999450683594,177.41000366210938,184.74000549316406,177.92999267578125,1316200,177.92999267578125
2018-12-06,179.75999450683594,174.0,175.3699951171875,179.61000061035156,1906300,179.61000061035156
2018-12-07,179.5500030517578,170.89999389648438,178.02999877929688,172.2100067138672,1627300,172.2100067138672
2018-12-10,174.3699951171875,167.6300048828125,172.97999572753906,173.77999877929688,907100,173.77999877929688
2018-12-11,176.55999755859375,170.86000061035156,176.2899932861328,173.22999572753906,1023600,173.22999572753906
2018-12-12,178.6199951171875,174.72000122070312,176.1999969482422,175.4499969482422,905000,175.4499969482422
2018-12-13,177.49000549316406,171.60000610351562,175.05999755859375,173.4199981689453,971200,173.4199981689453
2018-12-14,172.0,169.6300048828125,171.3800048828125,170.05999755859375,916900,170.05999755859375
2018-12-17,171.41000366210938,164.47999572753906,169.63999938964844,166.1699981689453,1765100,166.1699981689453
2018-12-18,169.6199951171875,161.35000610351562,168.05999755859375,163.42999267578125,1593200,163.42999267578125
2018-12-19,164.4199981689453,156.3000030517578,163.0399932861328,158.66000366210938,1877600,158.66000366210938
2018-12-20,163.47999572753906,157.6999969482422,158.52000427246094,161.3000030517578,2213300,161.3000030517578
2018-12-21,165.07000732421875,156.3000030517578,161.94000244140625,156.5,2677600,156.5
2018-12-24,158.47000122070312,151.8000030517578,155.39999389648438,151.91000366210938,1158200,151.91000366210938
2018-12-26,161.8699951171875,152.39999389648438,152.97999572753906,161.83999633789062,1638400,161.83999633789062
2018-12-27,162.5800018310547,156.27000427246094,158.9499969482422,162.3699951171875,1485000,162.3699951171875
2018-12-28,164.83999633789062,160.3800048828125,163.52000427246094,161.4199981689453,966700,161.4199981689453
2018-12-31,166.2100067138672,162.0,162.8000030517578,165.7100067138672,1375400,165.7100067138672
2019-01-02,165.13999938964844,160.9499969482422,161.2100067138672,164.0800018310547,1465400,164.0800018310547
2019-01-03,169.32000732421875,163.17999267578125,165.8300018310547,163.72999572753906,1690900,163.72999572753906
2019-01-04,173.30999755859375,164.89999389648438,165.89999389648438,172.6999969482422,1874500,172.6999969482422
2019-01-07,176.77999877929688,170.8699951171875,173.0500030517578,175.85000610351562,1294600,175.85000610351562
2019-01-08,178.41000366210938,174.72000122070312,177.0,178.19000244140625,1653200,178.19000244140625
2019-01-09,182.6999969482422,178.25,179.13999938964844,182.3000030517578,2298500,182.3000030517578
2019-01-10,186.08999633789062,180.25999450683594,181.85000610351562,186.02999877929688,1988200,186.02999877929688
2019-01-11,188.86000061035156,183.42999267578125,184.6199951171875,188.16000366210938,2222600,188.16000366210938
2019-01-14,186.99000549316406,183.77999877929688,186.7100067138672,183.91000366210938,1962000,183.91000366210938
2019-01-15,186.75999450683594,183.05999755859375,184.3699951171875,186.67999267578125,1330500,186.67999267578125
2019-01-16,188.33999633789062,184.1300048828125,186.2100067138672,186.14999389648438,2251200,186.14999389648438
2019-01-17,191.4199981689453,184.7100067138672,185.77000427246094,190.52000427246094,1605900,190.52000427246094
2019-01-18,194.77999877929688,189.41000366210938,192.6300048828125,194.6999969482422,2150100,194.6999969482422
2019-01-22,195.80999755859375,192.38999938964844,193.47999572753906,193.8800048828125,2003900,193.8800048828125
2019-01-23,195.1999969482422,187.77999877929688,194.6699981689453,189.88999938964844,2043000,189.88999938964844
2019-01-24,190.22999572753906,186.47000122070312,189.63999938964844,186.5800018310547,1825300,186.5800018310547
2019-01-25,190.38999938964844,186.27000427246094,188.16000366210938,189.5,1404800,189.5
2019-01-28,188.97999572753906,185.75999450683594,188.94000244140625,188.08999633789062,1513500,188.08999633789062
2019-01-29,188.25999450683594,184.6999969482422,188.16000366210938,186.3800048828125,1024500,186.3800048828125
2019-01-30,187.9199981689453,184.5,185.83999633789062,187.0500030517578,1385900,187.0500030517578
2019-01-31,190.97999572753906,186.86000061035156,187.1699981689453,190.91000366210938,900800,190.91000366210938
2019-02-01,193.02999877929688,189.9199981689453,190.9199981689453,191.52000427246094,892800,191.52000427246094
2019-02-04,189.27999877929688,184.49000549316406,189.19000244140625,187.97999572753906,1482300,187.97999572753906
2019-02-05,190.74000549316406,185.44000244140625,185.80999755859375,187.02000427246094,1643500,187.02000427246094
2019-02-06,193.0,182.05999755859375,193.0,182.38999938964844,1915700,182.38999938964844
2019-02-07,182.58999633789062,178.99000549316406,181.5,180.17999267578125,1462500,180.17999267578125
2019-02-08,181.4499969482422,178.75999450683594,178.75999450683594,181.33999633789062,980600,181.33999633789062
2019-02-11,182.1699981689453,178.39999389648438,182.0500030517578,181.52999877929688,2037000,181.52999877929688
2019-02-12,184.3000030517578,181.44000244140625,181.44000244140625,184.00999450683594,1316600,184.00999450683594
2019-02-13,186.25,184.35000610351562,185.0,185.25,1244500,185.25
2019-02-14,186.83999633789062,183.52999877929688,184.52000427246094,185.72000122070312,917800,185.72000122070312
2019-02-15,188.55999755859375,185.6699981689453,185.6699981689453,188.07000732421875,1408200,188.07000732421875
2019-02-19,189.08999633789062,185.8300018310547,187.89999389648438,186.86000061035156,1823700,186.86000061035156
2019-02-20,188.63999938964844,185.64999389648438,186.05999755859375,187.83999633789062,1066300,187.83999633789062
2019-02-21,188.1199951171875,182.16000366210938,187.6999969482422,183.05999755859375,1087000,183.05999755859375
2019-02-22,185.83999633789062,182.94000244140625,184.3300018310547,185.75999450683594,1027400,185.75999450683594
2019-02-25,188.10000610351562,185.6300048828125,186.74000549316406,186.3300018310547,1268800,186.3300018310547
2019-02-26,189.99000549316406,184.88999938964844,186.25999450683594,188.9199981689453,1478000,188.9199981689453
2019-02-27,189.8699951171875,186.44000244140625,187.97000122070312,189.80999755859375,633200,189.80999755859375
2019-02-28,190.0399932861328,188.22999572753906,189.74000549316406,188.75,1194700,188.75
2019-03-01,192.69000244140625,189.27999877929688,189.9499969482422,192.16000366210938,887600,192.16000366210938
2019-03-04,193.88999938964844,186.7100067138672,193.02999877929688,190.0399932861328,1208600,190.0399932861328
2019-03-05,190.50999450683594,187.52000427246094,190.16000366210938,187.8000030517578,1409100,187.8000030517578
2019-03-06,188.6999969482422,180.55999755859375,188.17999267578125,181.11000061035156,1381000,181.11000061035156
2019-03-07,181.8300018310547,177.4499969482422,181.36000061035156,178.61000061035156,1432900,178.61000061035156
2019-03-08,177.6199951171875,173.58999633789062,177.25999450683594,177.25999450683594,1451500,177.25999450683594
2019-03-11,180.55999755859375,177.77999877929688,177.94000244140625,180.52000427246094,1350700,180.52000427246094
2019-03-12,183.22999572753906,179.85000610351562,181.14999389648438,182.57000732421875,1545300,182.57000732421875
2019-03-13,186.77999877929688,182.2100067138672,183.3699951171875,185.66000366210938,1202300,185.66000366210938
2019-03-14,186.66000366210938,184.4499969482422,185.6199951171875,186.11000061035156,785700,186.11000061035156
2019-03-15,189.35000610351562,186.3699951171875,186.8800048828125,188.08999633789062,2768600,188.08999633789062
2019-03-18,189.2100067138672,185.52999877929688,188.0,187.47999572753906,1554100,187.47999572753906
2019-03-19,185.0,181.17999267578125,184.63999938964844,181.75999450683594,1556200,181.75999450683594
2019-03-20,182.4600067138672,179.5399932861328,181.52999877929688,179.97999572753906,1213600,179.97999572753906
2019-03-21,182.74000549316406,178.22000122070312,178.22000122070312,182.55999755859375,1156500,182.55999755859375
2019-03-22,183.85000610351562,181.0399932861328,182.07000732421875,181.52999877929688,1612300,181.52999877929688
2019-03-25,185.05999755859375,181.44000244140625,181.6699981689453,183.85000610351562,1754500,183.85000610351562
2019-03-26,190.07000732421875,184.8300018310547,185.24000549316406,189.91000366210938,1373700,189.91000366210938
2019-03-27,190.00999450683594,185.6199951171875,190.0,185.82000732421875,1181200,185.82000732421875
2019-03-28,186.94000244140625,181.49000549316406,186.00999450683594,182.4199981689453,1615200,182.4199981689453
2019-03-29,184.86000061035156,181.9199981689453,184.2899932861328,183.9499969482422,1274700,183.9499969482422
2019-04-01,187.3800048828125,184.67999267578125,185.1999969482422,186.0500030517578,1030000,186.0500030517578
2019-04-02,189.42999267578125,184.91000366210938,185.9600067138672,187.11000061035156,814400,187.11000061035156
2019-04-03,188.97999572753906,187.00999450683594,187.89999389648438,187.88999938964844,829400,187.88999938964844
2019-04-04,188.33999633789062,182.49000549316406,188.22000122070312,184.14999389648438,1193400,184.14999389648438
2019-04-05,189.35000610351562,184.24000549316406,184.49000549316406,188.88999938964844,2289000,188.88999938964844
2019-04-08,189.9499969482422,186.6699981689453,189.27000427246094,188.92999267578125,910100,188.92999267578125
2019-04-09,189.6999969482422,187.75,188.00999450683594,188.30999755859375,976000,188.30999755859375
2019-04-10,191.7100067138672,187.07000732421875,188.32000732421875,190.3699951171875,1155900,190.3699951171875
2019-04-11,191.4199981689453,184.22000122070312,191.0800018310547,185.1199951171875,1971900,185.1199951171875
2019-04-12,186.47000122070312,182.30999755859375,185.4199981689453,182.77999877929688,1077400,182.77999877929688
2019-04-15,184.32000732421875,180.24000549316406,182.27000427246094,182.49000549316406,826700,182.49000549316406
2019-04-16,184.8000030517578,179.58999633789062,183.6300048828125,179.74000549316406,900300,179.74000549316406
2019-04-17,180.75,166.64999389648438,180.4499969482422,166.97000122070312,2851100,166.97000122070312
2019-04-18,170.4499969482422,163.67999267578125,169.9600067138672,168.16000366210938,3195700,168.16000366210938
2019-04-22,169.86000061035156,166.1999969482422,167.7899932861328,168.52000427246094,1213500,168.52000427246094
2019-04-23,175.60000610351562,168.77000427246094,169.22000122070312,175.3699951171875,1514600,175.3699951171875
2019-04-24,175.86000061035156,171.75999450683594,175.5800018310547,172.5800018310547,1164500,172.5800018310547
2019-04-25,175.22000122070312,170.1999969482422,172.39999389648438,174.61000061035156,806500,174.61000061035156
2019-04-26,174.4199981689453,170.00999450683594,173.97999572753906,172.85000610351562,1117700,172.85000610351562
2019-04-29,173.6699981689453,171.22000122070312,172.5800018310547,172.52000427246094,750300,172.52000427246094
2019-04-30,174.9199981689453,168.49000549316406,173.92999267578125,168.97999572753906,1619800,168.97999572753906
2019-05-01,175.60000610351562,168.50999450683594,168.75999450683594,172.60000610351562,1824800,172.60000610351562
2019-05-02,172.49000549316406,167.8000030517578,172.10000610351562,169.5399932861328,1209800,169.5399932861328
2019-05-03,174.19000244140625,169.4600067138672,170.0500030517578,173.8699951171875,971800,173.8699951171875
2019-05-06,175.14999389648438,169.9499969482422,170.3000030517578,174.75999450683594,888300,174.75999450683594
2019-05-07,174.3800048828125,168.58999633789062,172.3300018310547,170.27999877929688,1345900,170.27999877929688
2019-05-08,171.5399932861328,168.39999389648438,170.05999755859375,169.00999450683594,1121600,169.00999450683594
2019-05-09,170.5,166.47999572753906,167.39999389648438,169.91000366210938,820200,169.91000366210938
2019-05-10,169.36000061035156,164.30999755859375,169.36000061035156,168.85000610351562,805700,168.85000610351562
2019-05-13,167.47999572753906,164.07000732421875,165.6999969482422,164.61000061035156,1118500,164.61000061035156
2019-05-14,167.5800018310547,164.9600067138672,165.60000610351562,166.72000122070312,938200,166.72000122070312
2019-05-15,168.22000122070312,164.9600067138672,165.41000366210938,166.8800048828125,663700,166.8800048828125
2019-05-16,173.41000366210938,167.6300048828125,167.6300048828125,170.22999572753906,1688900,170.22999572753906
2019-05-17,170.83999633789062,167.97000122070312,168.89999389648438,168.72999572753906,898200,168.72999572753906
2019-05-20,168.25,165.67999267578125,167.77000427246094,165.72999572753906,644300,165.72999572753906
2019-05-21,170.14999389648438,167.3800048828125,167.88999938964844,169.1199951171875,703300,169.1199951171875
2019-05-22,174.2899932861328,168.47000122070312,168.47000122070312,172.3699951171875,1230400,172.3699951171875
2019-05-23,173.32000732421875,169.5,171.61000061035156,173.00999450683594,1272800,173.00999450683594
2019-05-24,175.94000244140625,171.3699951171875,174.30999755859375,171.77000427246094,1115700,171.77000427246094
2019-05-28,173.7899932861328,171.05999755859375,172.24000549316406,172.75999450683594,1542100,172.75999450683594
2019-05-29,171.8699951171875,166.3000030517578,171.14999389648438,166.5500030517578,1788400,166.5500030517578
2019-05-30,170.5,167.25999450683594,167.25999450683594,170.25999450683594,902900,170.25999450683594
2019-05-31,169.99000549316406,166.10000610351562,168.49000549316406,166.17999267578125,982500,166.17999267578125
2019-06-03,168.85000610351562,165.8000030517578,166.8699951171875,166.63999938964844,1080600,166.63999938964844
2019-06-04,172.97000122070312,167.0800018310547,168.16000366210938,171.27000427246094,1456800,171.27000427246094
2019-06-05,174.0,170.38999938964844,171.89999389648438,173.27000427246094,1254500,173.27000427246094
2019-06-06,173.99000549316406,167.4199981689453,173.22000122070312,167.75,1261100,167.75
2019-06-07,173.97999572753906,169.25999450683594,169.42999267578125,173.50999450683594,1109600,173.50999450683594
2019-06-10,174.1199951171875,171.50999450683594,173.2899932861328,172.83999633789062,1025100,172.83999633789062
2019-06-11,174.8800048828125,171.75,174.0800018310547,172.0,1442300,172.0
2019-06-12,173.47000122070312,169.25999450683594,172.60000610351562,170.6300048828125,1444600,170.6300048828125
2019-06-13,171.9499969482422,167.83999633789062,171.1699981689453,168.88999938964844,951600,168.88999938964844
2019-06-14,170.99000549316406,167.94000244140625,168.89999389648438,170.22000122070312,806100,170.22000122070312
2019-06-17,174.13999938964844,171.1699981689453,171.1699981689453,173.77999877929688,955600,173.77999877929688
2019-06-18,178.89999389648438,174.8000030517578,175.97000122070312,177.94000244140625,1521400,177.94000244140625
2019-06-19,182.13999938964844,177.0,178.52000427246094,181.75,1535400,181.75
2019-06-20,186.3300018310547,181.2100067138672,183.52000427246094,182.1699981689453,1217700,182.1699981689453
2019-06-21,184.4499969482422,180.75999450683594,183.33999633789062,183.97000122070312,1844600,183.97000122070312
2019-06-24,184.97999572753906,180.5500030517578,184.55999755859375,181.02000427246094,764000,181.02000427246094
2019-06-25,183.10000610351562,179.49000549316406,181.63999938964844,180.14999389648438,960100,180.14999389648438
2019-06-26,181.02999877929688,177.1300048828125,180.11000061035156,177.66000366210938,768700,177.66000366210938
2019-06-27,179.24000549316406,176.67999267578125,178.0,178.5800018310547,731500,178.5800018310547
2019-06-28,184.99000549316406,178.75,179.74000549316406,183.3800048828125,1604900,183.3800048828125
2019-07-01,185.13999938964844,180.80999755859375,185.07000732421875,181.83999633789062,1111500,181.83999633789062
2019-07-02,181.5399932861328,178.8800048828125,181.5399932861328,179.52999877929688,819600,179.52999877929688
2019-07-03,183.4499969482422,178.5399932861328,180.25,183.25999450683594,571600,183.25999450683594
2019-07-05,183.24000549316406,177.41000366210938,179.4499969482422,178.33999633789062,878900,178.33999633789062
2019-07-08,177.75999450683594,174.17999267578125,177.75999450683594,176.75,818900,176.75
2019-07-09,178.6300048828125,174.77999877929688,175.6199951171875,178.4600067138672,714700,178.4600067138672
2019-07-10,179.75,175.52999877929688,179.0,178.75999450683594,766600,178.75999450683594
2019-07-11,178.86000061035156,172.74000549316406,178.80999755859375,176.00999450683594,1258100,176.00999450683594
2019-07-12,176.27000427246094,173.9499969482422,176.05999755859375,175.7899932861328,1004000,175.7899932861328
2019-07-15,178.0800018310547,174.6999969482422,176.16000366210938,176.3699951171875,1055300,176.3699951171875
2019-07-16,177.92999267578125,175.5800018310547,176.47000122070312,176.16000366210938,620000,176.16000366210938
2019-07-17,179.24000549316406,176.3300018310547,176.92999267578125,177.13999938964844,773100,177.13999938964844
2019-07-18,178.5800018310547,176.3800048828125,176.9199981689453,178.08999633789062,853500,178.08999633789062
2019-07-19,179.14999389648438,174.0500030517578,179.14999389648438,174.1300048828125,1121600,174.1300048828125
2019-07-22,174.57000732421875,172.41000366210938,173.33999633789062,174.0800018310547,1121000,174.0800018310547
2019-07-23,176.36000061035156,173.39999389648438,174.42999267578125,175.24000549316406,828400,175.24000549316406
2019-07-24,175.0,172.30999755859375,175.0,173.33999633789062,1135700,173.33999633789062
2019-07-25,172.50999450683594,169.02000427246094,172.22000122070312,169.55999755859375,1784000,169.55999755859375
2019-07-26,171.1300048828125,165.85000610351562,170.17999267578125,166.8300018310547,1640900,166.8300018310547
2019-07-29,167.50999450683594,165.27000427246094,167.2100067138672,166.22999572753906,1366600,166.22999572753906
2019-07-30,171.10000610351562,165.52000427246094,165.74000549316406,169.5399932861328,2339000,169.5399932861328
2019-07-31,170.2100067138672,165.66000366210938,168.7899932861328,166.6199951171875,1460400,166.6199951171875
2019-08-01,181.3000030517578,170.1300048828125,173.4199981689453,179.2899932861328,3130300,179.2899932861328
2019-08-02,180.97000122070312,177.05999755859375,177.77999877929688,178.38999938964844,1814900,178.38999938964844
2019-08-05,177.13999938964844,173.9199981689453,176.44000244140625,175.55999755859375,1709400,175.55999755859375
2019-08-06,177.0500030517578,173.63999938964844,174.22999572753906,176.94000244140625,1287600,176.94000244140625
2019-08-07,176.47000122070312,172.47999572753906,175.11000061035156,175.64999389648438,941000,175.64999389648438
2019-08-08,183.11000061035156,175.58999633789062,175.58999633789062,182.94000244140625,1641700,182.94000244140625
2019-08-09,184.07000732421875,179.38999938964844,182.94000244140625,182.97999572753906,1275800,182.97999572753906
2019-08-12,183.13999938964844,179.1199951171875,182.05999755859375,179.83999633789062,1160900,179.83999633789062
2019-08-13,185.5399932861328,178.0399932861328,178.36000061035156,183.91000366210938,1246100,183.91000366210938
2019-08-14,183.57000732421875,178.85000610351562,181.77000427246094,179.52999877929688,1405800,179.52999877929688
2019-08-15,182.0399932861328,178.3699951171875,180.00999450683594,181.1199951171875,823100,181.1199951171875
2019-08-16,185.75,180.83999633789062,183.0800018310547,184.94000244140625,1304200,184.94000244140625
2019-08-19,187.7100067138672,185.8800048828125,186.24000549316406,187.08999633789062,963200,187.08999633789062
2019-08-20,188.44000244140625,182.89999389648438,187.0399932861328,183.72000122070312,1001300,183.72000122070312
2019-08-21,187.3000030517578,184.60000610351562,185.86000061035156,186.39999389648438,575500,186.39999389648438
2019-08-22,187.6199951171875,181.47999572753906,186.75999450683594,184.2100067138672,1026800,184.2100067138672
2019-08-23,186.77999877929688,179.24000549316406,184.36000061035156,180.17999267578125,1198700,180.17999267578125
2019-08-26,182.3800048828125,179.55999755859375,180.82000732421875,180.63999938964844,829500,180.63999938964844
2019-08-27,182.9199981689453,177.27000427246094,181.99000549316406,178.25,940100,178.25
2019-08-28,180.7100067138672,170.5399932861328,177.47000122070312,178.33999633789062,1680200,178.33999633789062
2019-08-29,180.5,178.13999938964844,179.3000030517578,178.97999572753906,680300,178.97999572753906
2019-08-30,181.1999969482422,178.75999450683594,180.25999450683594,180.02000427246094,892900,180.02000427246094
2019-09-03,181.57000732421875,177.5800018310547,180.5500030517578,178.6999969482422,1030100,178.6999969482422
2019-09-04,179.75,173.55999755859375,179.72999572753906,176.8300018310547,1003300,176.8300018310547
2019-09-05,180.0500030517578,177.02000427246094,178.17999267578125,179.86000061035156,868700,179.86000061035156
2019-09-06,182.14999389648438,179.3300018310547,180.35000610351562,181.3300018310547,979400,181.3300018310547
2019-09-09,181.27999877929688,174.4499969482422,181.08999633789062,174.80999755859375,1177000,174.80999755859375
2019-09-10,174.13999938964844,166.64999389648438,174.02999877929688,171.00999450683594,1849400,171.00999450683594
2019-09-11,173.61000061035156,170.89999389648438,171.19000244140625,173.11000061035156,1190800,173.11000061035156
2019-09-12,175.4499969482422,172.0,174.38999938964844,172.4499969482422,874500,172.4499969482422
2019-09-13,175.7899932861328,172.4499969482422,173.16000366210938,174.94000244140625,1216300,174.94000244140625
2019-09-16,178.08999633789062,173.1300048828125,173.88999938964844,177.5500030517578,959000,177.5500030517578
2019-09-17,177.82000732421875,173.02000427246094,173.02000427246094,176.0,1157200,176.0
2019-09-18,176.5,171.9600067138672,176.00999450683594,174.52000427246094,1172700,174.52000427246094
2019-09-19,176.6999969482422,173.60000610351562,174.47999572753906,176.13999938964844,773500,176.13999938964844
2019-09-20,179.5500030517578,175.5800018310547,177.00999450683594,178.1199951171875,1719400,178.1199951171875
2019-09-23,179.00999450683594,175.77000427246094,178.22999572753906,175.8800048828125,724000,175.8800048828125
2019-09-24,177.77999877929688,171.02999877929688,176.32000732421875,172.52000427246094,767400,172.52000427246094
2019-09-25,173.49000549316406,170.55999755859375,172.30999755859375,171.5,949600,171.5
2019-09-26,172.0500030517578,167.42999267578125,172.0500030517578,169.5500030517578,1593800,169.5500030517578
2019-09-27,170.5399932861328,165.52999877929688,170.2899932861328,166.74000549316406,1206300,166.74000549316406
2019-09-30,171.2899932861328,167.61000061035156,169.5500030517578,169.4199981689453,1432300,169.4199981689453
2019-10-01,170.11000061035156,166.52000427246094,169.24000549316406,167.5800018310547,950800,167.5800018310547
2019-10-02,168.52000427246094,165.22999572753906,167.69000244140625,166.7100067138672,1486100,166.7100067138672
2019-10-03,170.63999938964844,166.05999755859375,166.05999755859375,170.5,1094000,170.5
2019-10-04,172.9199981689453,170.52000427246094,170.88999938964844,172.4199981689453,873400,172.4199981689453
2019-10-07,172.75999450683594,169.27000427246094,171.5500030517578,172.0500030517578,897300,172.0500030517578
2019-10-08,171.88999938964844,167.60000610351562,170.47000122070312,169.5500030517578,972100,169.5500030517578
2019-10-09,171.99000549316406,168.5500030517578,170.8699951171875,168.72999572753906,768500,168.72999572753906
2019-10-10,170.3699951171875,167.6199951171875,168.4199981689453,170.22000122070312,765600,170.22000122070312
2019-10-11,174.72000122070312,171.1300048828125,171.44000244140625,172.41000366210938,854900,172.41000366210938
2019-10-14,175.25,172.32000732421875,172.32000732421875,173.58999633789062,540600,173.58999633789062
2019-10-15,176.97999572753906,174.02000427246094,174.36000061035156,176.13999938964844,738800,176.13999938964844
2019-10-16,177.1999969482422,173.6199951171875,175.32000732421875,176.08999633789062,749400,176.08999633789062
2019-10-17,180.0500030517578,177.5,177.8000030517578,177.72000122070312,1133600,177.72000122070312
2019-10-18,180.25,175.3800048828125,180.25,176.22999572753906,1122600,176.22999572753906
2019-10-21,184.80999755859375,174.82000732421875,177.22999572753906,183.52999877929688,1097200,183.52999877929688
2019-10-22,194.75,186.19000244140625,186.91000366210938,191.05999755859375,4428000,191.05999755859375
2019-10-23,192.5399932861328,186.41000366210938,190.3699951171875,190.50999450683594,1544600,190.50999450683594
2019-10-24,194.89999389648438,189.35000610351562,191.6999969482422,194.47000122070312,1881000,194.47000122070312
2019-10-25,195.94000244140625,192.5500030517578,193.1300048828125,194.49000549316406,1199300,194.49000549316406
2019-10-28,195.02000427246094,192.32000732421875,194.55999755859375,194.02000427246094,1337400,194.02000427246094
2019-10-29,198.4600067138672,193.25999450683594,194.42999267578125,197.88999938964844,1695000,197.88999938964844
2019-10-30,199.4600067138672,196.63999938964844,198.11000061035156,199.27999877929688,1195700,199.27999877929688
2019-10-31,200.0,194.1999969482422,197.05999755859375,195.47999572753906,2273200,195.47999572753906
2019-11-01,202.94000244140625,195.02000427246094,196.24000549316406,200.94000244140625,3010600,200.94000244140625
2019-11-04,202.25,197.8000030517578,202.1300048828125,199.4199981689453,1293300,199.4199981689453
2019-11-05,199.9499969482422,196.4600067138672,199.0,197.13999938964844,1324200,197.13999938964844
2019-11-06,198.49000549316406,195.6999969482422,198.22999572753906,195.97000122070312,1124000,195.97000122070312
2019-11-07,197.16000366210938,195.11000061035156,196.39999389648438,195.8300018310547,1018500,195.8300018310547
2019-11-08,202.11000061035156,196.7100067138672,197.0800018310547,201.30999755859375,1219900,201.30999755859375
2019-11-11,202.2100067138672,199.2899932861328,200.97999572753906,201.89999389648438,825200,201.89999389648438
2019-11-12,204.83999633789062,201.83999633789062,202.13999938964844,203.86000061035156,939800,203.86000061035156
2019-11-13,207.63999938964844,203.75,205.0,207.10000610351562,1080500,207.10000610351562
2019-11-14,207.5,203.24000549316406,206.83999633789062,205.0,995500,205.0
2019-11-15,210.0500030517578,205.00999450683594,205.9499969482422,209.8000030517578,1581500,209.8000030517578
2019-11-18,210.0800018310547,207.67999267578125,209.8699951171875,210.0,1533600,210.0
2019-11-19,215.4600067138672,209.41000366210938,212.97000122070312,215.0,1706100,215.0
2019-11-20,217.0800018310547,212.85000610351562,214.77999877929688,215.07000732421875,2487300,215.07000732421875
2019-11-21,215.63999938964844,212.8000030517578,214.33999633789062,215.5,1241100,215.5
2019-11-22,218.60000610351562,215.10000610351562,216.92999267578125,218.0,1318900,218.0
2019-11-25,223.61000061035156,219.0,219.3699951171875,223.27000427246094,1490500,223.27000427246094
2019-11-26,223.72999572753906,218.22999572753906,223.66000366210938,219.0500030517578,1875300,219.0500030517578
2019-11-27,220.99000549316406,218.07000732421875,219.10000610351562,220.05999755859375,833100,220.05999755859375
2019-11-29,222.4199981689453,220.02999877929688,220.38999938964844,221.75,537100,221.75
2019-12-02,223.41000366210938,218.41000366210938,222.9600067138672,220.7899932861328,1093200,220.7899932861328
2019-12-03,222.75,218.38999938964844,219.61000061035156,221.1300048828125,949200,221.1300048828125
2019-12-04,224.0800018310547,221.07000732421875,222.0,223.91000366210938,937000,223.91000366210938
2019-12-05,224.30999755859375,221.35000610351562,223.77000427246094,223.07000732421875,767200,223.07000732421875
2019-12-06,224.66000366210938,220.36000061035156,224.1699981689453,223.25,1021300,223.25
2019-12-09,225.66000366210938,219.19000244140625,222.99000549316406,219.3699951171875,1784300,219.3699951171875
2019-12-10,221.8699951171875,218.5,219.4199981689453,220.27000427246094,1256600,220.27000427246094
2019-12-11,224.27000427246094,219.5800018310547,221.91000366210938,220.0,958900,220.0
2019-12-12,222.5500030517578,219.1699981689453,219.7100067138672,220.5500030517578,1094600,220.5500030517578
2019-12-13,221.6199951171875,217.8300018310547,220.19000244140625,218.97999572753906,1484100,218.97999572753906
2019-12-16,221.86000061035156,219.3300018310547,220.5,219.5,1919300,219.5
2019-12-17,219.72999572753906,216.00999450683594,219.72000122070312,217.6199951171875,1452500,217.6199951171875
2019-12-18,219.9199981689453,217.49000549316406,217.8300018310547,219.35000610351562,1759400,219.35000610351562
2019-12-19,220.67999267578125,216.97999572753906,220.13999938964844,217.77999877929688,1864200,217.77999877929688
2019-12-20,221.02000427246094,217.0,219.6199951171875,220.69000244140625,2824100,220.69000244140625
2019-12-23,222.8699951171875,219.67999267578125,220.9499969482422,219.97999572753906,1132800,219.97999572753906
2019-12-24,220.63999938964844,218.50999450683594,220.4600067138672,220.55999755859375,300500,220.55999755859375
2019-12-26,220.89999389648438,218.3800048828125,220.60000610351562,220.25,697000,220.25
2019-12-27,221.47999572753906,218.1199951171875,220.58999633789062,220.97000122070312,904600,220.97000122070312
2019-12-30,221.9499969482422,217.3300018310547,220.3800048828125,218.97000122070312,774300,218.97000122070312
2019-12-31,219.80999755859375,216.6999969482422,218.60000610351562,218.9499969482422,1036400,218.9499969482422
2020-01-02,220.64999389648438,216.9499969482422,220.24000549316406,219.4499969482422,1334300,219.4499969482422
2020-01-03,219.88999938964844,214.5500030517578,216.16000366210938,217.97999572753906,943400,217.97999572753906
2020-01-06,224.35000610351562,216.91000366210938,217.72999572753906,224.02999877929688,1436600,224.02999877929688
2020-01-07,225.9199981689453,222.13999938964844,224.25999450683594,223.7899932861328,1027700,223.7899932861328
2020-01-08,232.6999969482422,224.91000366210938,225.88999938964844,231.08999633789062,1802600,231.08999633789062
2020-01-09,233.25999450683594,227.27000427246094,233.0800018310547,230.25999450683594,1435400,230.25999450683594
2020-01-10,231.69000244140625,228.07000732421875,231.69000244140625,228.9499969482422,1017300,228.9499969482422
2020-01-13,230.0,224.55999755859375,229.3800048828125,226.49000549316406,1031500,226.49000549316406
2020-01-14,229.8000030517578,225.52999877929688,226.44000244140625,229.75,1042000,229.75
2020-01-15,234.3300018310547,228.77999877929688,229.8800048828125,234.14999389648438,1741500,234.14999389648438
2020-01-16,235.77999877929688,233.27000427246094,234.27000427246094,235.5,2124000,235.5
2020-01-17,236.50999450683594,232.82000732421875,236.50999450683594,235.8300018310547,1599300,235.8300018310547
2020-01-21,237.1999969482422,233.1300048828125,235.83999633789062,233.99000549316406,1399800,233.99000549316406
2020-01-22,237.47000122070312,234.39999389648438,234.94000244140625,234.61000061035156,1134000,234.61000061035156
2020-01-23,235.6300048828125,231.3800048828125,235.0,233.91000366210938,978000,233.91000366210938
2020-01-24,235.17999267578125,228.4199981689453,234.07000732421875,229.05999755859375,904300,229.05999755859375
2020-01-27,228.7899932861328,226.07000732421875,226.50999450683594,227.3699951171875,802000,227.3699951171875
2020-01-28,232.3000030517578,227.57000732421875,228.52999877929688,231.97000122070312,861800,231.97000122070312
2020-01-29,233.58999633789062,230.57000732421875,231.72000122070312,232.41000366210938,893500,232.41000366210938
2020-01-30,231.75,228.67999267578125,230.83999633789062,230.30999755859375,1169500,230.30999755859375
2020-01-31,239.39999389648438,223.00999450683594,238.64999389648438,227.0500030517578,3373500,227.0500030517578
2020-02-03,233.77999877929688,225.00999450683594,230.75999450683594,230.50999450683594,1988000,230.50999450683594
2020-02-04,241.22999572753906,233.2899932861328,233.35000610351562,239.66000366210938,1485900,239.66000366210938
2020-02-05,244.41000366210938,240.0,241.61000061035156,240.75999450683594,1951600,240.75999450683594
2020-02-06,244.64999389648438,238.00999450683594,242.1300048828125,239.1199951171875,1320300,239.1199951171875
2020-02-07,240.33999633789062,234.10000610351562,237.66000366210938,240.05999755859375,1443100,240.05999755859375
2020-02-10,244.88999938964844,237.0,239.22000122070312,244.75,1273000,244.75
2020-02-11,249.0,242.77999877929688,245.0,247.80999755859375,2280000,247.80999755859375
2020-02-12,248.8000030517578,240.6999969482422,247.61000061035156,242.2100067138672,1805700,242.2100067138672
2020-02-13,245.38999938964844,239.72999572753906,241.41000366210938,240.08999633789062,1329200,240.08999633789062
2020-02-14,244.4499969482422,238.5500030517578,241.24000549316406,243.82000732421875,1354000,243.82000732421875
2020-02-18,246.0,241.08999633789062,244.9199981689453,245.92999267578125,1305400,245.92999267578125
2020-02-19,249.85000610351562,245.24000549316406,249.85000610351562,247.77999877929688,947700,247.77999877929688
2020-02-20,247.6999969482422,242.58999633789062,247.2899932861328,245.10000610351562,1524800,245.10000610351562
2020-02-21,247.5,243.27000427246094,247.3000030517578,246.2899932861328,1365100,246.2899932861328
2020-02-24,242.75999450683594,235.6999969482422,241.44000244140625,237.00999450683594,1659300,237.00999450683594
2020-02-25,239.99000549316406,228.5,238.17999267578125,230.0,1581100,230.0
2020-02-26,237.3699951171875,229.49000549316406,232.41000366210938,232.0399932861328,1578500,232.0399932861328
2020-02-27,231.6300048828125,218.00999450683594,228.47999572753906,223.3000030517578,1972400,223.3000030517578
2020-02-28,224.5399932861328,215.5,215.57000732421875,224.02999877929688,2491500,224.02999877929688
2020-03-02,232.97999572753906,223.13999938964844,224.42999267578125,232.2899932861328,2406400,232.2899932861328
2020-03-03,237.5500030517578,226.6699981689453,230.27000427246094,228.25999450683594,2092900,228.25999450683594
2020-03-04,246.05999755859375,230.89999389648438,232.2899932861328,245.32000732421875,1971800,245.32000732421875
2020-03-05,242.17999267578125,235.2899932861328,239.24000549316406,237.30999755859375,1518300,237.30999755859375
2020-03-06,234.47999572753906,226.61000061035156,227.64999389648438,233.5,1872600,233.5
2020-03-09,227.61000061035156,214.0800018310547,218.07000732421875,219.64999389648438,2034500,219.64999389648438
2020-03-10,231.41000366210938,216.47000122070312,226.2100067138672,230.50999450683594,2024200,230.50999450683594
2020-03-11,230.8300018310547,218.6999969482422,225.6300048828125,220.33999633789062,1733800,220.33999633789062
2020-03-12,215.36000061035156,201.5,206.58999633789062,204.05999755859375,3757900,204.05999755859375
2020-03-13,221.47000122070312,200.75999450683594,218.22999572753906,220.86000061035156,3813400,220.86000061035156
2020-03-16,219.0,199.16000366210938,201.60000610351562,199.77000427246094,2521300,199.77000427246094
2020-03-17,230.05999755859375,202.5,203.97000122070312,210.44000244140625,4447500,210.44000244140625
2020-03-18,224.99000549316406,197.47000122070312,200.60000610351562,212.97999572753906,3406400,212.97999572753906
2020-03-19,223.92999267578125,202.00999450683594,215.14999389648438,215.69000244140625,3118600,215.69000244140625
2020-03-20,227.42999267578125,204.16000366210938,217.6999969482422,206.0,2764700,206.0
2020-03-23,218.10000610351562,199.52000427246094,210.5,202.2100067138672,2802000,202.2100067138672
2020-03-24,224.97999572753906,207.83999633789062,207.83999633789062,223.1300048828125,2830400,223.1300048828125
2020-03-25,224.0,209.50999450683594,219.8800048828125,210.08999633789062,2066600,210.08999633789062
2020-03-26,225.6199951171875,209.42999267578125,209.8000030517578,224.49000549316406,1752500,224.49000549316406
2020-03-27,224.17999267578125,215.57000732421875,219.42999267578125,217.24000549316406,1712700,217.24000549316406
2020-03-30,233.77000427246094,220.0,221.33999633789062,231.9199981689453,2138900,231.9199981689453
2020-03-31,240.0,228.02000427246094,228.9499969482422,237.9499969482422,3300700,237.9499969482422
2020-04-01,234.97999572753906,223.4499969482422,232.1199951171875,225.47999572753906,1482300,225.47999572753906
2020-04-02,242.9600067138672,222.38999938964844,222.77000427246094,242.16000366210938,2503900,242.16000366210938
2020-04-03,247.4499969482422,234.35000610351562,241.3800048828125,238.30999755859375,1989800,238.30999755859375
2020-04-06,256.6499938964844,241.94000244140625,248.61000061035156,255.3000030517578,3046300,255.3000030517578
2020-04-07,267.45001220703125,245.3800048828125,263.1499938964844,247.6699981689453,3551100,247.6699981689453
2020-04-08,251.67999267578125,240.5,249.42999267578125,249.66000366210938,2737500,249.66000366210938
2020-04-09,252.0,243.0,252.0,246.61000061035156,2491400,246.61000061035156
2020-04-13,253.8300018310547,243.80999755859375,244.66000366210938,252.27999877929688,1831300,252.27999877929688
2020-04-14,265.6600036621094,253.50999450683594,257.44000244140625,262.4100036621094,2180500,262.4100036621094
2020-04-15,262.82000732421875,254.30999755859375,260.8999938964844,255.22999572753906,2686500,255.22999572753906
2020-04-16,265.2799987792969,258.6099853515625,259.6700134277344,264.760009765625,2172800,264.760009765625
2020-04-17,272.6700134277344,265.1499938964844,272.3399963378906,270.4599914550781,2166700,270.4599914550781
2020-04-20,276.260009765625,269.04998779296875,271.9700012207031,273.260009765625,1967800,273.260009765625
2020-04-21,277.2200012207031,262.54998779296875,273.0,262.79998779296875,1602700,262.79998779296875
2020-04-22,271.25,264.0,267.1499938964844,269.3699951171875,1546000,269.3699951171875
2020-04-23,277.79998779296875,266.9200134277344,270.0299987792969,267.9100036621094,2770400,267.9100036621094
2020-04-24,271.3500061035156,266.42999267578125,270.1199951171875,269.8599853515625,1805800,269.8599853515625
2020-04-27,275.260009765625,267.1600036621094,275.0,268.510009765625,2181600,268.510009765625
2020-04-28,269.95001220703125,250.42999267578125,268.0,256.9599914550781,2338300,256.9599914550781
2020-04-29,262.0,250.52000427246094,260.9700012207031,251.0500030517578,2401700,251.0500030517578
2020-04-30,258.5,245.05999755859375,257.75,251.1999969482422,2824200,251.1999969482422
2020-05-01,256.0,248.0,249.25999450683594,254.89999389648438,1940200,254.89999389648438
2020-05-04,265.0,256.010009765625,257.3999938964844,264.69000244140625,2650300,264.69000244140625
2020-05-05,274.05999755859375,264.79998779296875,266.9700012207031,272.3299865722656,1934300,272.3299865722656
2020-05-06,275.54998779296875,268.0,272.3299865722656,270.05999755859375,1290200,270.05999755859375
2020-05-07,273.7200012207031,266.8299865722656,272.69000244140625,270.010009765625,1622000,270.010009765625
2020-05-08,274.4100036621094,268.2900085449219,269.5,271.6300048828125,1084100,271.6300048828125
2020-05-11,286.82000732421875,270.44000244140625,271.45001220703125,285.2799987792969,2068500,285.2799987792969
2020-05-12,288.5199890136719,276.4100036621094,287.3299865722656,276.4700012207031,1727500,276.4700012207031
2020-05-13,284.8599853515625,272.19000244140625,276.6000061035156,277.0299987792969,1644900,277.0299987792969
2020-05-14,282.4800109863281,272.2099914550781,277.55999755859375,277.0,3076100,277.0
2020-05-15,288.7300109863281,273.510009765625,275.6300048828125,288.69000244140625,1740100,288.69000244140625
2020-05-18,295.54998779296875,283.1000061035156,293.7799987792969,284.1300048828125,1727000,284.1300048828125
2020-05-19,288.4100036621094,281.1400146484375,285.29998779296875,282.2799987792969,1267200,282.2799987792969
2020-05-20,285.989990234375,282.1300048828125,284.80999755859375,284.6199951171875,1436500,284.6199951171875
2020-05-21,285.3999938964844,281.25,285.260009765625,284.6300048828125,1315000,284.6300048828125
2020-05-22,286.0,281.5199890136719,284.17999267578125,284.9599914550781,1066500,284.9599914550781
2020-05-26,288.5,264.4100036621094,287.95001220703125,266.5,3487000,266.5
2020-05-27,278.69000244140625,254.41000366210938,264.3800048828125,278.510009765625,3189300,278.510009765625
2020-05-28,283.7300109863281,276.07000732421875,276.2699890136719,277.3800048828125,1922200,277.3800048828125
2020-05-29,289.44000244140625,276.0400085449219,281.3500061035156,287.9599914550781,5408900,287.9599914550781
2020-06-01,288.7300109863281,283.82000732421875,285.4200134277344,286.6400146484375,1819400,286.6400146484375
2020-06-02,286.17999267578125,278.6600036621094,283.9200134277344,284.2699890136719,1600700,284.2699890136719
2020-06-03,283.79998779296875,274.05999755859375,283.7200012207031,277.010009765625,1782900,277.010009765625
2020-06-04,279.2900085449219,270.760009765625,274.2699890136719,272.82000732421875,1603900,272.82000732421875
2020-06-05,271.67999267578125,262.54998779296875,270.82000732421875,265.69000244140625,2753400,265.69000244140625
2020-06-08,265.8399963378906,261.2799987792969,264.04998779296875,265.010009765625,2088500,265.010009765625
2020-06-09,275.1400146484375,265.0899963378906,267.2799987792969,270.8500061035156,2687900,270.8500061035156
2020-06-10,277.8999938964844,271.80999755859375,275.760009765625,274.3399963378906,1600200,274.3399963378906
2020-06-11,276.3599853515625,263.6700134277344,275.55999755859375,263.8900146484375,1831000,263.8900146484375
2020-06-12,271.3900146484375,262.29998779296875,268.1199951171875,268.55999755859375,1530100,268.55999755859375
2020-06-15,268.5199890136719,262.239990234375,264.7699890136719,267.7699890136719,1385400,267.7699890136719
2020-06-16,275.69000244140625,268.2200012207031,270.42999267578125,273.7699890136719,1557200,273.7699890136719
2020-06-17,282.760009765625,273.7699890136719,273.8800048828125,280.0899963378906,1645100,280.0899963378906
2020-06-18,282.2200012207031,275.92999267578125,279.3999938964844,279.19000244140625,1371900,279.19000244140625
2020-06-19,295.5400085449219,280.29998779296875,280.29998779296875,293.2699890136719,4085300,293.2699890136719
2020-06-22,295.0,287.79998779296875,294.0,293.20001220703125,1592100,293.20001220703125
2020-06-23,299.2099914550781,293.30999755859375,294.05999755859375,295.79998779296875,1571800,295.79998779296875
2020-06-24,297.7099914550781,288.8999938964844,294.92999267578125,291.17999267578125,1622100,291.17999267578125
2020-06-25,295.3599853515625,288.8299865722656,292.3800048828125,295.1499938964844,1188700,295.1499938964844
2020-06-26,293.0,284.739990234375,292.67999267578125,286.1400146484375,1895300,286.1400146484375
2020-06-29,287.6499938964844,280.8900146484375,286.95001220703125,285.17999267578125,1452500,285.17999267578125
2020-06-30,292.3699951171875,283.0,287.67999267578125,290.30999755859375,2171900,290.30999755859375
2020-07-01,291.6600036621094,283.7900085449219,290.5,286.2799987792969,1752400,286.2799987792969
2020-07-02,293.95001220703125,287.45001220703125,288.5199890136719,291.1000061035156,1101700,291.1000061035156
2020-07-06,295.0,289.6300048828125,294.3599853515625,291.30999755859375,1341900,291.30999755859375
2020-07-07,306.0799865722656,291.45001220703125,292.29998779296875,299.05999755859375,1624800,299.05999755859375
2020-07-08,301.6499938964844,292.1300048828125,300.04998779296875,295.9200134277344,1500300,295.9200134277344
2020-07-09,297.7900085449219,290.04998779296875,295.5199890136719,295.3999938964844,1106800,295.3999938964844
2020-07-10,295.0,290.8599853515625,293.95001220703125,294.45001220703125,911300,294.45001220703125
2020-07-13,296.8500061035156,283.8500061035156,293.04998779296875,284.82000732421875,1667300,284.82000732421875
2020-07-14,294.7200012207031,279.1199951171875,283.1400146484375,293.8299865722656,1738300,293.8299865722656
2020-07-15,295.3500061035156,290.20001220703125,292.760009765625,295.1099853515625,1126900,295.1099853515625
2020-07-16,293.3299865722656,284.69000244140625,292.010009765625,290.55999755859375,903300,290.55999755859375
2020-07-17,294.6700134277344,289.2799987792969,291.5299987792969,294.5299987792969,1072200,294.5299987792969
2020-07-20,304.0,292.69000244140625,292.69000244140625,303.1000061035156,1255800,303.1000061035156
2020-07-21,301.1400146484375,290.9599914550781,300.6499938964844,291.3999938964844,1515000,291.3999938964844
2020-07-22,293.55999755859375,286.4599914550781,293.55999755859375,291.2300109863281,846200,291.2300109863281
2020-07-23,291.989990234375,283.32000732421875,291.3299865722656,284.4599914550781,1310200,284.4599914550781
2020-07-24,282.6400146484375,276.5,281.7799987792969,278.489990234375,1837300,278.489990234375
